t d
0 0
0.001 0.000335613
0.002 0.000904915
0.003 0.00122762
0.004 0.0018659
0.005 0.00226285
0.006 0.00250672
0.007 0.0028556
0.008 0.0036826
0.009 0.00393381
0.01 0.00413653
0.011 0.00447606
0.012 0.00513206
0.013 0.00573674
0.014 0.00623192
0.015 0.0066665
0.016 0.00700906
0.017 0.00748835
0.018 0.00808446
0.019 0.00839979
0.02 0.00864097
0.021 0.00969804
0.022 0.00992409
0.023 0.0106973
0.024 0.0112626
0.025 0.0116192
0.026 0.0122915
0.027 0.0132395
0.028 0.0136006
0.029 0.0142854
0.03 0.0144816
0.031 0.014695
0.032 0.0149443
0.033 0.0154768
0.034 0.0156526
0.035 0.015951
0.036 0.0161966
0.037 0.0164009
0.038 0.017138
0.039 0.0177042
0.04 0.0184078
0.041 0.0186544
0.042 0.0191666
0.043 0.0199785
0.044 0.020772
0.045 0.0212212
0.046 0.0215151
0.047 0.0218162
0.048 0.0229896
0.049 0.0235575
0.05 0.0240245
0.051 0.0244858
0.052 0.0246679
0.053 0.0252291
0.054 0.0255941
0.055 0.0261918
0.056 0.0263168
0.057 0.0270998
0.058 0.0277342
0.059 0.0281489
0.06 0.0283129
0.061 0.0290759
0.062 0.0295057
0.063 0.0300654
0.064 0.0307253
0.065 0.031384
0.066 0.0320176
0.067 0.0326171
0.068 0.0333916
0.069 0.0336522
0.07 0.0339537
0.071 0.0348825
0.072 0.0349774
0.073 0.035301
0.074 0.0358099
0.075 0.0362684
0.076 0.0369722
0.077 0.0377492
0.078 0.038049
0.079 0.0384232
0.08 0.0386571
0.081 0.0388725
0.082 0.0392544
0.083 0.0399047
0.084 0.0403407
0.085 0.0407875
0.086 0.0411116
0.087 0.0417692
0.088 0.0421721
0.089 0.0428681
0.09 0.043265
0.091 0.0437384
0.092 0.0439095
0.093 0.0443781
0.094 0.0450354
0.095 0.0455482
0.096 0.0458451
0.097 0.0463728
0.098 0.0471002
0.099 0.0474081
0.1 0.0479139
0.101 0.0482375
0.102 0.048765
0.103 0.0492552
0.104 0.0498019
0.105 0.0504028
0.106 0.0505739
0.107 0.0514641
0.108 0.051899
0.109 0.0522098
0.11 0.0525118
0.111 0.0535924
0.112 0.0540007
0.113 0.0544558
0.114 0.0548483
0.115 0.0552776
0.116 0.0561831
0.117 0.0575055
0.118 0.0578249
0.119 0.0582949
0.12 0.0586551
0.121 0.0589788
0.122 0.0595198
0.123 0.0599182
0.124 0.0608322
0.125 0.0611593
0.126 0.0617274
0.127 0.0620465
0.128 0.0625472
0.129 0.0632137
0.13 0.0636231
0.131 0.0638498
0.132 0.0641632
0.133 0.0645211
0.134 0.0648651
0.135 0.0655678
0.136 0.0663281
0.137 0.0665583
0.138 0.0673025
0.139 0.0678555
0.14 0.0683326
0.141 0.0687983
0.142 0.069344
0.143 0.0699843
0.144 0.070253
0.145 0.0705666
0.146 0.0713701
0.147 0.0717471
0.148 0.0719485
0.149 0.0726364
0.15 0.0736721
0.151 0.0739422
0.152 0.0745689
0.153 0.0751465
0.154 0.0759565
0.155 0.0764501
0.156 0.0767238
0.157 0.0772654
0.158 0.0777409
0.159 0.0779368
0.16 0.0790589
0.161 0.0794061
0.162 0.080191
0.163 0.0807221
0.164 0.0811814
0.165 0.0818135
0.166 0.0820576
0.167 0.0825857
0.168 0.0830301
0.169 0.0832446
0.17 0.0836783
0.171 0.0840408
0.172 0.0844315
0.173 0.0848197
0.174 0.0852995
0.175 0.0855271
0.176 0.0864745
0.177 0.0870569
0.178 0.0873886
0.179 0.0878645
0.18 0.08819
0.181 0.0889802
0.182 0.0895147
0.183 0.0897102
0.184 0.0898811
0.185 0.0903023
0.186 0.0907744
0.187 0.0914005
0.188 0.0918745
0.189 0.0922022
0.19 0.0923857
0.191 0.092761
0.192 0.0934327
0.193 0.0945509
0.194 0.0951863
0.195 0.0953051
0.196 0.096495
0.197 0.0966188
0.198 0.0972459
0.199 0.0975732
0.2 0.0978608
0.201 0.0982014
0.202 0.098771
0.203 0.099664
0.204 0.100382
0.205 0.100533
0.206 0.10081
0.207 0.101318
0.208 0.10157
0.209 0.102175
0.21 0.102558
0.211 0.102997
0.212 0.103486
0.213 0.104009
0.214 0.104387
0.215 0.104804
0.216 0.105155
0.217 0.105599
0.218 0.106243
0.219 0.106841
0.22 0.107342
0.221 0.107795
0.222 0.108188
0.223 0.108697
0.224 0.109163
0.225 0.109803
0.226 0.110497
0.227 0.110919
0.228 0.1112
0.229 0.111666
0.23 0.112187
0.231 0.113059
0.232 0.113402
0.233 0.113742
0.234 0.113959
0.235 0.114391
0.236 0.114833
0.237 0.115592
0.238 0.115896
0.239 0.116161
0.24 0.116709
0.241 0.117202
0.242 0.117631
0.243 0.117973
0.244 0.118226
0.245 0.118659
0.246 0.118939
0.247 0.119187
0.248 0.119902
0.249 0.12054
0.25 0.120837
0.251 0.121709
0.252 0.122045
0.253 0.122861
0.254 0.123153
0.255 0.12395
0.256 0.124882
0.257 0.125139
0.258 0.125969
0.259 0.126259
0.26 0.12674
0.261 0.12743
0.262 0.127702
0.263 0.128048
0.264 0.128379
0.265 0.128839
0.266 0.129236
0.267 0.129658
0.268 0.130093
0.269 0.13034
0.27 0.130756
0.271 0.131265
0.272 0.131831
0.273 0.132573
0.274 0.133226
0.275 0.133664
0.276 0.134078
0.277 0.134253
0.278 0.134438
0.279 0.134768
0.28 0.135076
0.281 0.135747
0.282 0.136337
0.283 0.136751
0.284 0.137633
0.285 0.138077
0.286 0.138378
0.287 0.138665
0.288 0.139044
0.289 0.140063
0.29 0.141481
0.291 0.141817
0.292 0.142196
0.293 0.142431
0.294 0.142874
0.295 0.14361
0.296 0.14421
0.297 0.144602
0.298 0.145251
0.299 0.145905
0.3 0.146173
0.301 0.146885
0.302 0.147766
0.303 0.148132
0.304 0.148587
0.305 0.149016
0.306 0.149455
0.307 0.14978
0.308 0.150384
0.309 0.150986
0.31 0.151397
0.311 0.15197
0.312 0.152353
0.313 0.152708
0.314 0.153092
0.315 0.153484
0.316 0.154313
0.317 0.154615
0.318 0.155054
0.319 0.15562
0.32 0.156447
0.321 0.156725
0.322 0.157509
0.323 0.157909
0.324 0.158621
0.325 0.159471
0.326 0.159816
0.327 0.160208
0.328 0.160532
0.329 0.161106
0.33 0.162051
0.331 0.162448
0.332 0.163193
0.333 0.163543
0.334 0.164303
0.335 0.164793
0.336 0.165126
0.337 0.165828
0.338 0.166452
0.339 0.166961
0.34 0.167799
0.341 0.168395
0.342 0.168811
0.343 0.169231
0.344 0.16983
0.345 0.170115
0.346 0.170997
0.347 0.171487
0.348 0.172084
0.349 0.172808
0.35 0.173084
0.351 0.173313
0.352 0.174114
0.353 0.175141
0.354 0.175908
0.355 0.176408
0.356 0.177142
0.357 0.177634
0.358 0.177961
0.359 0.17877
0.36 0.179471
0.361 0.179992
0.362 0.180217
0.363 0.180941
0.364 0.181046
0.365 0.181249
0.366 0.181788
0.367 0.182034
0.368 0.182297
0.369 0.182894
0.37 0.183184
0.371 0.183544
0.372 0.184812
0.373 0.185746
0.374 0.186164
0.375 0.18671
0.376 0.187252
0.377 0.187496
0.378 0.188245
0.379 0.188531
0.38 0.188673
0.381 0.189274
0.382 0.189696
0.383 0.189963
0.384 0.190324
0.385 0.190848
0.386 0.19117
0.387 0.19144
0.388 0.191973
0.389 0.192483
0.39 0.192934
0.391 0.193501
0.392 0.193864
0.393 0.194311
0.394 0.194729
0.395 0.195275
0.396 0.195681
0.397 0.196411
0.398 0.196683
0.399 0.197935
0.4 0.198888
0.401 0.199465
0.402 0.199681
0.403 0.200442
0.404 0.201167
0.405 0.201814
0.406 0.202076
0.407 0.20236
0.408 0.202751
0.409 0.203317
0.41 0.203647
0.411 0.204025
0.412 0.204745
0.413 0.205242
0.414 0.205437
0.415 0.206088
0.416 0.206278
0.417 0.206584
0.418 0.206952
0.419 0.20735
0.42 0.208686
0.421 0.209384
0.422 0.209974
0.423 0.210661
0.424 0.211314
0.425 0.211939
0.426 0.212293
0.427 0.212702
0.428 0.213144
0.429 0.213768
0.43 0.214229
0.431 0.214676
0.432 0.215041
0.433 0.215467
0.434 0.215988
0.435 0.216483
0.436 0.216916
0.437 0.217307
0.438 0.218128
0.439 0.218326
0.44 0.21871
0.441 0.218922
0.442 0.219778
0.443 0.220213
0.444 0.22077
0.445 0.221282
0.446 0.221759
0.447 0.222241
0.448 0.222668
0.449 0.222986
0.45 0.223642
0.451 0.223972
0.452 0.224264
0.453 0.224837
0.454 0.225021
0.455 0.225484
0.456 0.225798
0.457 0.226311
0.458 0.226699
0.459 0.227017
0.46 0.227471
0.461 0.227877
0.462 0.228672
0.463 0.229104
0.464 0.230421
0.465 0.230936
0.466 0.231319
0.467 0.231683
0.468 0.23211
0.469 0.232531
0.47 0.232703
0.471 0.233069
0.472 0.233503
0.473 0.234215
0.474 0.234551
0.475 0.234817
0.476 0.235153
0.477 0.235496
0.478 0.236501
0.479 0.237352
0.48 0.237888
0.481 0.238314
0.482 0.238736
0.483 0.238908
0.484 0.239388
0.485 0.239806
0.486 0.24092
0.487 0.241239
0.488 0.242124
0.489 0.242529
0.49 0.242957
0.491 0.243256
0.492 0.243714
0.493 0.244094
0.494 0.244823
0.495 0.245209
0.496 0.245541
0.497 0.245846
0.498 0.246784
0.499 0.247341
0.5 0.248201
0.501 0.24859
0.502 0.2492
0.503 0.249838
0.504 0.250748
0.505 0.25131
0.506 0.251524
0.507 0.251842
0.508 0.252225
0.509 0.252687
0.51 0.253259
0.511 0.253449
0.512 0.254212
0.513 0.254373
0.514 0.254645
0.515 0.254816
0.516 0.255668
0.517 0.256074
0.518 0.256652
0.519 0.25712
0.52 0.25749
0.521 0.25799
0.522 0.258179
0.523 0.258955
0.524 0.259615
0.525 0.25993
0.526 0.260582
0.527 0.260998
0.528 0.26177
0.529 0.262249
0.53 0.262684
0.531 0.262919
0.532 0.263191
0.533 0.263508
0.534 0.263723
0.535 0.26454
0.536 0.26503
0.537 0.265424
0.538 0.266279
0.539 0.267066
0.54 0.267439
0.541 0.267816
0.542 0.268246
0.543 0.268616
0.544 0.268784
0.545 0.269256
0.546 0.269698
0.547 0.270014
0.548 0.270365
0.549 0.270922
0.55 0.271688
0.551 0.27225
0.552 0.272711
0.553 0.272928
0.554 0.273625
0.555 0.274449
0.556 0.274717
0.557 0.27498
0.558 0.275362
0.559 0.276417
0.56 0.276709
0.561 0.276901
0.562 0.277487
0.563 0.277944
0.564 0.278347
0.565 0.279358
0.566 0.279664
0.567 0.28022
0.568 0.281149
0.569 0.281551
0.57 0.28198
0.571 0.282486
0.572 0.282812
0.573 0.283349
0.574 0.283561
0.575 0.283944
0.576 0.284336
0.577 0.284656
0.578 0.285026
0.579 0.285716
0.58 0.28669
0.581 0.287581
0.582 0.28822
0.583 0.28861
0.584 0.289097
0.585 0.29009
0.586 0.290712
0.587 0.29114
0.588 0.291516
0.589 0.292611
0.59 0.293155
0.591 0.294181
0.592 0.294612
0.593 0.295006
0.594 0.296029
0.595 0.296649
0.596 0.296999
0.597 0.297577
0.598 0.298081
0.599 0.29866
0.6 0.299001
0.601 0.299411
0.602 0.299818
0.603 0.300531
0.604 0.301075
0.605 0.301698
0.606 0.302426
0.607 0.302895
0.608 0.303513
0.609 0.303848
0.61 0.304037
0.611 0.304575
0.612 0.304904
0.613 0.305404
0.614 0.305818
0.615 0.305993
0.616 0.306481
0.617 0.306936
0.618 0.307319
0.619 0.307897
0.62 0.308576
0.621 0.309312
0.622 0.309801
0.623 0.310233
0.624 0.310659
0.625 0.311098
0.626 0.311966
0.627 0.312228
0.628 0.312445
0.629 0.312767
0.63 0.313124
0.631 0.313648
0.632 0.314235
0.633 0.314646
0.634 0.314875
0.635 0.315106
0.636 0.316541
0.637 0.317249
0.638 0.317507
0.639 0.318092
0.64 0.318727
0.641 0.318904
0.642 0.319318
0.643 0.319779
0.644 0.320468
0.645 0.321156
0.646 0.321595
0.647 0.321892
0.648 0.32247
0.649 0.323278
0.65 0.323574
0.651 0.324155
0.652 0.324889
0.653 0.325039
0.654 0.325456
0.655 0.326163
0.656 0.326552
0.657 0.326979
0.658 0.327609
0.659 0.328014
0.66 0.328809
0.661 0.329156
0.662 0.330016
0.663 0.330679
0.664 0.330988
0.665 0.3316
0.666 0.332027
0.667 0.332667
0.668 0.33285
0.669 0.33312
0.67 0.333452
0.671 0.334059
0.672 0.334773
0.673 0.335498
0.674 0.336256
0.675 0.336811
0.676 0.337596
0.677 0.338397
0.678 0.338883
0.679 0.339187
0.68 0.339678
0.681 0.340376
0.682 0.341166
0.683 0.341755
0.684 0.342156
0.685 0.343092
0.686 0.343541
0.687 0.344182
0.688 0.344624
0.689 0.344982
0.69 0.345981
0.691 0.346207
0.692 0.347291
0.693 0.347765
0.694 0.348094
0.695 0.348741
0.696 0.349751
0.697 0.349903
0.698 0.350669
0.699 0.351278
0.7 0.35152
0.701 0.352208
0.702 0.35241
0.703 0.352981
0.704 0.353812
0.705 0.354171
0.706 0.354654
0.707 0.355218
0.708 0.355865
0.709 0.356442
0.71 0.357447
0.711 0.357957
0.712 0.358423
0.713 0.358864
0.714 0.35905
0.715 0.360224
0.716 0.3607
0.717 0.361076
0.718 0.361363
0.719 0.362116
0.72 0.362477
0.721 0.362962
0.722 0.363709
0.723 0.364603
0.724 0.365032
0.725 0.365459
0.726 0.366125
0.727 0.366519
0.728 0.366927
0.729 0.367528
0.73 0.36824
0.731 0.369023
0.732 0.369725
0.733 0.36998
0.734 0.371049
0.735 0.371473
0.736 0.371988
0.737 0.372449
0.738 0.372901
0.739 0.373051
0.74 0.373592
0.741 0.374076
0.742 0.374635
0.743 0.375134
0.744 0.375467
0.745 0.376438
0.746 0.376859
0.747 0.377314
0.748 0.378115
0.749 0.37829
0.75 0.379036
0.751 0.379564
0.752 0.380567
0.753 0.381164
0.754 0.381611
0.755 0.382036
0.756 0.382574
0.757 0.383163
0.758 0.383828
0.759 0.384166
0.76 0.384608
0.761 0.384769
0.762 0.38587
0.763 0.38659
0.764 0.387273
0.765 0.388047
0.766 0.388599
0.767 0.388864
0.768 0.389881
0.769 0.390171
0.77 0.390634
0.771 0.391029
0.772 0.391415
0.773 0.391979
0.774 0.392652
0.775 0.392984
0.776 0.393547
0.777 0.394416
0.778 0.394676
0.779 0.395162
0.78 0.395583
0.781 0.396168
0.782 0.396267
0.783 0.396522
0.784 0.396648
0.785 0.396988
0.786 0.397834
0.787 0.398392
0.788 0.399594
0.789 0.400005
0.79 0.400578
0.791 0.400956
0.792 0.401049
0.793 0.401546
0.794 0.402441
0.795 0.40295
0.796 0.40375
0.797 0.404121
0.798 0.404531
0.799 0.404835
0.8 0.405745
0.801 0.406054
0.802 0.406493
0.803 0.407694
0.804 0.408621
0.805 0.408979
0.806 0.409208
0.807 0.409529
0.808 0.410024
0.809 0.41049
0.81 0.411086
0.811 0.41195
0.812 0.412519
0.813 0.412796
0.814 0.413303
0.815 0.413701
0.816 0.413999
0.817 0.414882
0.818 0.415361
0.819 0.416084
0.82 0.416642
0.821 0.417723
0.822 0.418269
0.823 0.418809
0.824 0.41956
0.825 0.420371
0.826 0.420841
0.827 0.421403
0.828 0.422095
0.829 0.423011
0.83 0.423876
0.831 0.424395
0.832 0.424989
0.833 0.425721
0.834 0.426017
0.835 0.426755
0.836 0.427282
0.837 0.427607
0.838 0.428133
0.839 0.428559
0.84 0.428839
0.841 0.429678
0.842 0.429839
0.843 0.43021
0.844 0.430309
0.845 0.430868
0.846 0.431393
0.847 0.431988
0.848 0.432631
0.849 0.433232
0.85 0.433754
0.851 0.434486
0.852 0.434739
0.853 0.435084
0.854 0.435631
0.855 0.436022
0.856 0.436503
0.857 0.437106
0.858 0.437545
0.859 0.438165
0.86 0.438723
0.861 0.439785
0.862 0.440152
0.863 0.440433
0.864 0.441013
0.865 0.44175
0.866 0.442084
0.867 0.442771
0.868 0.443225
0.869 0.443876
0.87 0.44439
0.871 0.444981
0.872 0.445211
0.873 0.445785
0.874 0.446345
0.875 0.446963
0.876 0.44727
0.877 0.447583
0.878 0.448102
0.879 0.448461
0.88 0.449132
0.881 0.449554
0.882 0.449609
0.883 0.450018
0.884 0.45035
0.885 0.450483
0.886 0.451345
0.887 0.451722
0.888 0.452071
0.889 0.452536
0.89 0.453023
0.891 0.453298
0.892 0.453737
0.893 0.454176
0.894 0.454565
0.895 0.454917
0.896 0.455235
0.897 0.455531
0.898 0.45586
0.899 0.456303
0.9 0.456886
0.901 0.457363
0.902 0.458018
0.903 0.45836
0.904 0.458573
0.905 0.458993
0.906 0.459426
0.907 0.459677
0.908 0.460573
0.909 0.461234
0.91 0.461657
0.911 0.462057
0.912 0.462597
0.913 0.463095
0.914 0.463617
0.915 0.46382
0.916 0.464116
0.917 0.464393
0.918 0.464764
0.919 0.465066
0.92 0.466004
0.921 0.466646
0.922 0.467098
0.923 0.467567
0.924 0.468007
0.925 0.468418
0.926 0.469182
0.927 0.469951
0.928 0.470476
0.929 0.470979
0.93 0.47149
0.931 0.471896
0.932 0.472428
0.933 0.472799
0.934 0.473072
0.935 0.473282
0.936 0.473658
0.937 0.474184
0.938 0.474703
0.939 0.475192
0.94 0.475402
0.941 0.475926
0.942 0.476267
0.943 0.476786
0.944 0.477138
0.945 0.477679
0.946 0.477856
0.947 0.478259
0.948 0.478989
0.949 0.479402
0.95 0.47978
0.951 0.480214
0.952 0.480948
0.953 0.481638
0.954 0.482097
0.955 0.482546
0.956 0.48294
0.957 0.483403
0.958 0.484081
0.959 0.484868
0.96 0.485134
0.961 0.486134
0.962 0.486555
0.963 0.48725
0.964 0.487713
0.965 0.487895
0.966 0.488466
0.967 0.488632
0.968 0.489135
0.969 0.489695
0.97 0.490271
0.971 0.490668
0.972 0.490941
0.973 0.491095
0.974 0.491566
0.975 0.491971
0.976 0.49217
0.977 0.492547
0.978 0.493605
0.979 0.494145
0.98 0.494404
0.981 0.495164
0.982 0.495399
0.983 0.495769
0.984 0.496406
0.985 0.496726
0.986 0.497096
0.987 0.497216
0.988 0.497879
0.989 0.498111
0.99 0.49846
0.991 0.499146
0.992 0.499381
0.993 0.499729
0.994 0.500143
0.995 0.501234
0.996 0.501479
0.997 0.501771
0.998 0.502407
0.999 0.502768
1 0.50342
1.001 0.503718
1.002 0.504183
1.003 0.504703
1.004 0.505243
1.005 0.505317
1.006 0.505907
1.007 0.506223
1.008 0.506542
1.009 0.50723
1.01 0.507835
1.011 0.508335
1.012 0.508671
1.013 0.509604
1.014 0.510145
1.015 0.51052
1.016 0.510888
1.017 0.511507
1.018 0.511947
1.019 0.512908
1.02 0.513171
1.021 0.513514
1.022 0.514279
1.023 0.514784
1.024 0.515332
1.025 0.515805
1.026 0.516042
1.027 0.516161
1.028 0.516539
1.029 0.516654
1.03 0.517315
1.031 0.517888
1.032 0.518504
1.033 0.518755
1.034 0.519225
1.035 0.519715
1.036 0.520443
1.037 0.520932
1.038 0.521083
1.039 0.521719
1.04 0.522533
1.041 0.522767
1.042 0.522961
1.043 0.523235
1.044 0.52358
1.045 0.523725
1.046 0.52445
1.047 0.524888
1.048 0.52534
1.049 0.525657
1.05 0.526008
1.051 0.526537
1.052 0.527222
1.053 0.527538
1.054 0.528387
1.055 0.528975
1.056 0.529556
1.057 0.530203
1.058 0.530564
1.059 0.531444
1.06 0.53157
1.061 0.532041
1.062 0.532502
1.063 0.533016
1.064 0.533393
1.065 0.533829
1.066 0.534357
1.067 0.53477
1.068 0.535112
1.069 0.535563
1.07 0.53631
1.071 0.536533
1.072 0.537373
1.073 0.538059
1.074 0.539065
1.075 0.539523
1.076 0.539973
1.077 0.541137
1.078 0.541805
1.079 0.542461
1.08 0.542794
1.081 0.542943
1.082 0.543138
1.083 0.543428
1.084 0.543772
1.085 0.544167
1.086 0.544456
1.087 0.544736
1.088 0.545357
1.089 0.545709
1.09 0.545911
1.091 0.546323
1.092 0.54655
1.093 0.54708
1.094 0.547752
1.095 0.548344
1.096 0.548727
1.097 0.549389
1.098 0.54974
1.099 0.55028
1.1 0.550537
1.101 0.550806
1.102 0.551088
1.103 0.551548
1.104 0.551896
1.105 0.552431
1.106 0.552853
1.107 0.55337
1.108 0.553874
1.109 0.55474
1.11 0.554901
1.111 0.555325
1.112 0.555545
1.113 0.55586
1.114 0.55629
1.115 0.556908
1.116 0.557608
1.117 0.558598
1.118 0.558809
1.119 0.559739
1.12 0.560162
1.121 0.560605
1.122 0.560859
1.123 0.561948
1.124 0.562063
1.125 0.562306
1.126 0.562913
1.127 0.563309
1.128 0.563844
1.129 0.564464
1.13 0.565061
1.131 0.565534
1.132 0.565834
1.133 0.566113
1.134 0.56696
1.135 0.567189
1.136 0.567684
1.137 0.56817
1.138 0.568635
1.139 0.56894
1.14 0.569437
1.141 0.569833
1.142 0.570144
1.143 0.570832
1.144 0.571383
1.145 0.571774
1.146 0.572614
1.147 0.573323
1.148 0.573814
1.149 0.574293
1.15 0.57454
1.151 0.575028
1.152 0.575392
1.153 0.576132
1.154 0.576739
1.155 0.577215
1.156 0.577724
1.157 0.578091
1.158 0.578301
1.159 0.578521
1.16 0.579468
1.161 0.579932
1.162 0.580444
1.163 0.581513
1.164 0.582005
1.165 0.582721
1.166 0.583421
1.167 0.583838
1.168 0.584636
1.169 0.585507
1.17 0.586075
1.171 0.586524
1.172 0.587172
1.173 0.587576
1.174 0.588277
1.175 0.588946
1.176 0.589377
1.177 0.589703
1.178 0.590194
1.179 0.590693
1.18 0.591618
1.181 0.591855
1.182 0.59221
1.183 0.5927
1.184 0.593158
1.185 0.59367
1.186 0.594117
1.187 0.59466
1.188 0.595001
1.189 0.595076
1.19 0.595554
1.191 0.596494
1.192 0.596769
1.193 0.597187
1.194 0.597701
1.195 0.598254
1.196 0.59936
1.197 0.600009
1.198 0.600671
1.199 0.601644
1.2 0.601977
1.201 0.602263
1.202 0.602451
1.203 0.603131
1.204 0.603805
1.205 0.604076
1.206 0.604505
1.207 0.604789
1.208 0.605205
1.209 0.605796
1.21 0.606064
1.211 0.606592
1.212 0.606763
1.213 0.60699
1.214 0.607356
1.215 0.607806
1.216 0.608304
1.217 0.608508
1.218 0.609606
1.219 0.610067
1.22 0.610268
1.221 0.610845
1.222 0.611343
1.223 0.611687
1.224 0.612113
1.225 0.61283
1.226 0.61365
1.227 0.614139
1.228 0.614553
1.229 0.614974
1.23 0.615467
1.231 0.615893
1.232 0.61644
1.233 0.617121
1.234 0.617604
1.235 0.617867
1.236 0.618264
1.237 0.618696
1.238 0.619006
1.239 0.619446
1.24 0.62017
1.241 0.620787
1.242 0.621176
1.243 0.621509
1.244 0.621919
1.245 0.622405
1.246 0.62276
1.247 0.623332
1.248 0.623786
1.249 0.624085
1.25 0.624426
1.251 0.624779
1.252 0.625126
1.253 0.625426
1.254 0.625766
1.255 0.625964
1.256 0.626425
1.257 0.626679
1.258 0.627238
1.259 0.627653
1.26 0.628503
1.261 0.628889
1.262 0.629448
1.263 0.629879
1.264 0.630321
1.265 0.63096
1.266 0.63154
1.267 0.631772
1.268 0.632001
1.269 0.6327
1.27 0.633013
1.271 0.633843
1.272 0.634262
1.273 0.634522
1.274 0.635369
1.275 0.635919
1.276 0.636557
1.277 0.636761
1.278 0.63745
1.279 0.637995
1.28 0.639069
1.281 0.639468
1.282 0.639796
1.283 0.640154
1.284 0.64047
1.285 0.641232
1.286 0.641856
1.287 0.642212
1.288 0.642734
1.289 0.643052
1.29 0.643394
1.291 0.643922
1.292 0.644611
1.293 0.645495
1.294 0.646101
1.295 0.646613
1.296 0.647336
1.297 0.647802
1.298 0.64809
1.299 0.648621
1.3 0.649291
1.301 0.649584
1.302 0.650282
1.303 0.650724
1.304 0.651389
1.305 0.651937
1.306 0.652419
1.307 0.653253
1.308 0.653569
1.309 0.653984
1.31 0.654312
1.311 0.655025
1.312 0.655829
1.313 0.656444
1.314 0.656605
1.315 0.656766
1.316 0.657545
1.317 0.658295
1.318 0.658742
1.319 0.659262
1.32 0.65982
1.321 0.660622
1.322 0.660988
1.323 0.661955
1.324 0.662638
1.325 0.663673
1.326 0.663949
1.327 0.664139
1.328 0.66439
1.329 0.664557
1.33 0.665192
1.331 0.66578
1.332 0.666267
1.333 0.666923
1.334 0.667474
1.335 0.667962
1.336 0.66834
1.337 0.66881
1.338 0.668976
1.339 0.669474
1.34 0.66967
1.341 0.670228
1.342 0.670649
1.343 0.670925
1.344 0.671649
1.345 0.672435
1.346 0.672636
1.347 0.672868
1.348 0.673458
1.349 0.673901
1.35 0.674162
1.351 0.674578
1.352 0.675265
1.353 0.675742
1.354 0.676197
1.355 0.677197
1.356 0.677609
1.357 0.678132
1.358 0.678644
1.359 0.679313
1.36 0.679808
1.361 0.68037
1.362 0.68108
1.363 0.681637
1.364 0.682413
1.365 0.683033
1.366 0.683583
1.367 0.684482
1.368 0.685093
1.369 0.685593
1.37 0.686151
1.371 0.68664
1.372 0.687211
1.373 0.68767
1.374 0.688222
1.375 0.688977
1.376 0.689302
1.377 0.689795
1.378 0.690079
1.379 0.690795
1.38 0.691409
1.381 0.692144
1.382 0.692442
1.383 0.693071
1.384 0.6934
1.385 0.693856
1.386 0.694095
1.387 0.694546
1.388 0.694989
1.389 0.69559
1.39 0.695897
1.391 0.696383
1.392 0.697613
1.393 0.698556
1.394 0.698921
1.395 0.700428
1.396 0.701057
1.397 0.701274
1.398 0.701387
1.399 0.701723
1.4 0.702033
1.401 0.702943
1.402 0.703342
1.403 0.703953
1.404 0.704422
1.405 0.704703
1.406 0.705286
1.407 0.705611
1.408 0.705995
1.409 0.706457
1.41 0.706669
1.411 0.707746
1.412 0.708347
1.413 0.709297
1.414 0.709848
1.415 0.710546
1.416 0.710964
1.417 0.711467
1.418 0.712504
1.419 0.712913
1.42 0.713163
1.421 0.713572
1.422 0.71396
1.423 0.714493
1.424 0.714694
1.425 0.715052
1.426 0.715761
1.427 0.715945
1.428 0.71654
1.429 0.717091
1.43 0.717731
1.431 0.718113
1.432 0.71834
1.433 0.719428
1.434 0.719809
1.435 0.72035
1.436 0.720755
1.437 0.721248
1.438 0.721939
1.439 0.722278
1.44 0.722623
1.441 0.723011
1.442 0.723472
1.443 0.723859
1.444 0.724458
1.445 0.724847
1.446 0.725236
1.447 0.725853
1.448 0.726204
1.449 0.726757
1.45 0.727424
1.451 0.727657
1.452 0.727948
1.453 0.728326
1.454 0.728766
1.455 0.729097
1.456 0.729686
1.457 0.730327
1.458 0.730603
1.459 0.731345
1.46 0.732048
1.461 0.732959
1.462 0.733656
1.463 0.734753
1.464 0.734945
1.465 0.735926
1.466 0.737265
1.467 0.737755
1.468 0.738184
1.469 0.738506
1.47 0.739026
1.471 0.739464
1.472 0.740225
1.473 0.740784
1.474 0.741439
1.475 0.741949
1.476 0.742283
1.477 0.743238
1.478 0.743556
1.479 0.743709
1.48 0.74406
1.481 0.744394
1.482 0.744924
1.483 0.745477
1.484 0.74569
1.485 0.745958
1.486 0.746361
1.487 0.746657
1.488 0.746827
1.489 0.747184
1.49 0.747649
1.491 0.748016
1.492 0.7491
1.493 0.749558
1.494 0.750237
1.495 0.750533
1.496 0.750814
1.497 0.751231
1.498 0.751522
1.499 0.752397
1.5 0.752784
1.501 0.753072
1.502 0.753462
1.503 0.753774
1.504 0.754403
1.505 0.754755
1.506 0.755377
1.507 0.755624
1.508 0.756354
1.509 0.757173
1.51 0.757506
1.511 0.758093
1.512 0.758603
1.513 0.758837
1.514 0.759234
1.515 0.75972
1.516 0.760018
1.517 0.76127
1.518 0.761862
1.519 0.762222
1.52 0.762793
1.521 0.763386
1.522 0.763754
1.523 0.763951
1.524 0.764632
1.525 0.764924
1.526 0.765256
1.527 0.765827
1.528 0.766641
1.529 0.767246
1.53 0.767869
1.531 0.768825
1.532 0.769326
1.533 0.769891
1.534 0.770574
1.535 0.771151
1.536 0.771361
1.537 0.771959
1.538 0.772542
1.539 0.773053
1.54 0.773362
1.541 0.77372
1.542 0.773918
1.543 0.774192
1.544 0.774657
1.545 0.775133
1.546 0.77556
1.547 0.775975
1.548 0.776538
1.549 0.777206
1.55 0.777796
1.551 0.778184
1.552 0.77872
1.553 0.779228
1.554 0.779887
1.555 0.780294
1.556 0.781604
1.557 0.782896
1.558 0.783394
1.559 0.783847
1.56 0.784632
1.561 0.785119
1.562 0.785654
1.563 0.786237
1.564 0.786972
1.565 0.787392
1.566 0.787557
1.567 0.788121
1.568 0.788486
1.569 0.788945
1.57 0.789255
1.571 0.789706
1.572 0.790064
1.573 0.790647
1.574 0.791778
1.575 0.792202
1.576 0.792417
1.577 0.792716
1.578 0.793232
1.579 0.793571
1.58 0.794154
1.581 0.794533
1.582 0.795284
1.583 0.795987
1.584 0.796501
1.585 0.798032
1.586 0.798884
1.587 0.799437
1.588 0.79971
1.589 0.800256
1.59 0.800833
1.591 0.801226
1.592 0.80152
1.593 0.801851
1.594 0.802223
1.595 0.802735
1.596 0.802989
1.597 0.803448
1.598 0.804341
1.599 0.804808
1.6 0.805051
1.601 0.805363
1.602 0.805854
1.603 0.806544
1.604 0.80685
1.605 0.807236
1.606 0.807545
1.607 0.80829
1.608 0.808612
1.609 0.809153
1.61 0.809813
1.611 0.810289
1.612 0.810731
1.613 0.811328
1.614 0.811763
1.615 0.812301
1.616 0.812597
1.617 0.813342
1.618 0.813809
1.619 0.813948
1.62 0.814409
1.621 0.815233
1.622 0.815946
1.623 0.816246
1.624 0.816699
1.625 0.8175
1.626 0.818291
1.627 0.818645
1.628 0.81903
1.629 0.819426
1.63 0.819948
1.631 0.820614
1.632 0.82122
1.633 0.82153
1.634 0.822172
1.635 0.822415
1.636 0.82319
1.637 0.823785
1.638 0.824157
1.639 0.824546
1.64 0.824947
1.641 0.825301
1.642 0.826101
1.643 0.826628
1.644 0.827056
1.645 0.827839
1.646 0.828376
1.647 0.82867
1.648 0.829376
1.649 0.829834
1.65 0.830159
1.651 0.830418
1.652 0.830768
1.653 0.831304
1.654 0.832088
1.655 0.832739
1.656 0.833351
1.657 0.833779
1.658 0.834772
1.659 0.835645
1.66 0.836148
1.661 0.836566
1.662 0.837419
1.663 0.837892
1.664 0.838321
1.665 0.838675
1.666 0.839294
1.667 0.839484
1.668 0.839723
1.669 0.840331
1.67 0.840511
1.671 0.841029
1.672 0.841275
1.673 0.841604
1.674 0.841953
1.675 0.8423
1.676 0.842825
1.677 0.84309
1.678 0.843705
1.679 0.844049
1.68 0.844485
1.681 0.845282
1.682 0.845798
1.683 0.846462
1.684 0.846851
1.685 0.847302
1.686 0.847571
1.687 0.848076
1.688 0.848912
1.689 0.84942
1.69 0.849839
1.691 0.850451
1.692 0.850696
1.693 0.850962
1.694 0.851563
1.695 0.851743
1.696 0.852481
1.697 0.852912
1.698 0.853189
1.699 0.853715
1.7 0.854319
1.701 0.854679
1.702 0.854844
1.703 0.854957
1.704 0.855205
1.705 0.855311
1.706 0.855987
1.707 0.856389
1.708 0.856594
1.709 0.857415
1.71 0.858009
1.711 0.858893
1.712 0.859167
1.713 0.859778
1.714 0.860133
1.715 0.860739
1.716 0.86126
1.717 0.861934
1.718 0.86268
1.719 0.863258
1.72 0.863585
1.721 0.863941
1.722 0.864522
1.723 0.864951
1.724 0.865569
1.725 0.865855
1.726 0.866163
1.727 0.866563
1.728 0.866908
1.729 0.86722
1.73 0.867875
1.731 0.868513
1.732 0.869171
1.733 0.870054
1.734 0.870533
1.735 0.870815
1.736 0.871577
1.737 0.872088
1.738 0.872539
1.739 0.873801
1.74 0.874059
1.741 0.874522
1.742 0.87514
1.743 0.875559
1.744 0.876659
1.745 0.877028
1.746 0.877522
1.747 0.877913
1.748 0.878658
1.749 0.878948
1.75 0.879319
1.751 0.879735
1.752 0.880085
1.753 0.880671
1.754 0.880939
1.755 0.881594
1.756 0.881975
1.757 0.882945
1.758 0.883385
1.759 0.88379
1.76 0.884379
1.761 0.884934
1.762 0.885725
1.763 0.886734
1.764 0.887311
1.765 0.88757
1.766 0.888046
1.767 0.888566
1.768 0.888922
1.769 0.889531
1.77 0.889912
1.771 0.890239
1.772 0.890606
1.773 0.891212
1.774 0.891865
1.775 0.892994
1.776 0.893505
1.777 0.893831
1.778 0.894264
1.779 0.894682
1.78 0.89537
1.781 0.895578
1.782 0.895939
1.783 0.896563
1.784 0.89679
1.785 0.897315
1.786 0.89798
1.787 0.89831
1.788 0.899076
1.789 0.899494
1.79 0.900379
1.791 0.900587
1.792 0.901076
1.793 0.901668
1.794 0.902014
1.795 0.902417
1.796 0.902989
1.797 0.903449
1.798 0.904021
1.799 0.904374
1.8 0.9048
1.801 0.905208
1.802 0.905817
1.803 0.90616
1.804 0.906691
1.805 0.9074
1.806 0.907743
1.807 0.907948
1.808 0.908247
1.809 0.908463
1.81 0.908776
1.811 0.909206
1.812 0.910163
1.813 0.910523
1.814 0.911367
1.815 0.912186
1.816 0.912578
1.817 0.913498
1.818 0.914036
1.819 0.914258
1.82 0.914459
1.821 0.914787
1.822 0.915915
1.823 0.91621
1.824 0.91682
1.825 0.917087
1.826 0.917587
1.827 0.918285
1.828 0.918851
1.829 0.91965
1.83 0.919844
1.831 0.920099
1.832 0.920691
1.833 0.920903
1.834 0.921477
1.835 0.922079
1.836 0.922703
1.837 0.923315
1.838 0.924096
1.839 0.924262
1.84 0.924633
1.841 0.92566
1.842 0.926527
1.843 0.926681
1.844 0.927037
1.845 0.927618
1.846 0.928119
1.847 0.92833
1.848 0.92885
1.849 0.929429
1.85 0.929851
1.851 0.930361
1.852 0.930473
1.853 0.931019
1.854 0.931478
1.855 0.932022
1.856 0.932599
1.857 0.932966
1.858 0.933396
1.859 0.933931
1.86 0.934486
1.861 0.935088
1.862 0.935489
1.863 0.936412
1.864 0.936719
1.865 0.93683
1.866 0.937441
1.867 0.938013
1.868 0.938391
1.869 0.938485
1.87 0.938813
1.871 0.93973
1.872 0.940287
1.873 0.940943
1.874 0.941637
1.875 0.94206
1.876 0.942475
1.877 0.942789
1.878 0.943017
1.879 0.943459
1.88 0.944112
1.881 0.944625
1.882 0.945397
1.883 0.946186
1.884 0.946655
1.885 0.946988
1.886 0.948356
1.887 0.948674
1.888 0.94908
1.889 0.949869
1.89 0.950263
1.891 0.950631
1.892 0.95127
1.893 0.951786
1.894 0.952037
1.895 0.952171
1.896 0.952382
1.897 0.952788
1.898 0.953304
1.899 0.95366
1.9 0.953966
1.901 0.95443
1.902 0.954908
1.903 0.95501
1.904 0.956011
1.905 0.956449
1.906 0.95703
1.907 0.957288
1.908 0.95771
1.909 0.958283
1.91 0.958962
1.911 0.959565
1.912 0.959693
1.913 0.960065
1.914 0.96106
1.915 0.961789
1.916 0.962533
1.917 0.963028
1.918 0.963473
1.919 0.964182
1.92 0.964842
1.921 0.964956
1.922 0.965636
1.923 0.965839
1.924 0.966617
1.925 0.967143
1.926 0.967606
1.927 0.96786
1.928 0.968635
1.929 0.968935
1.93 0.96943
1.931 0.969868
1.932 0.970169
1.933 0.970814
1.934 0.97125
1.935 0.971605
1.936 0.97201
1.937 0.972454
1.938 0.973102
1.939 0.973822
1.94 0.97464
1.941 0.975122
1.942 0.975357
1.943 0.97582
1.944 0.976526
1.945 0.976956
1.946 0.977346
1.947 0.977765
1.948 0.978051
1.949 0.978672
1.95 0.979538
1.951 0.979905
1.952 0.980316
1.953 0.980972
1.954 0.981508
1.955 0.981981
1.956 0.982724
1.957 0.983105
1.958 0.983311
1.959 0.984233
1.96 0.984548
1.961 0.984686
1.962 0.984945
1.963 0.985525
1.964 0.985919
1.965 0.986543
1.966 0.986943
1.967 0.987402
1.968 0.988766
1.969 0.989091
1.97 0.989196
1.971 0.989327
1.972 0.989944
1.973 0.990233
1.974 0.990906
1.975 0.991228
1.976 0.991634
1.977 0.992236
1.978 0.992536
1.979 0.993308
1.98 0.993484
1.981 0.993858
1.982 0.994656
1.983 0.994943
1.984 0.995623
1.985 0.996188
1.986 0.997129
1.987 0.99778
1.988 0.998137
1.989 0.998498
1.99 0.999029
1.991 0.999492
1.992 1.00013
1.993 1.00083
1.994 1.00145
1.995 1.00172
1.996 1.00245
1.997 1.0031
1.998 1.00344
1.999 1.00387
2 1.00447
2.001 1.00523
2.002 1.00578
2.003 1.0064
2.004 1.00683
2.005 1.00755
2.006 1.00843
2.007 1.00887
2.008 1.00914
2.009 1.00994
2.01 1.01056
2.011 1.01106
2.012 1.01144
2.013 1.01261
2.014 1.01299
2.015 1.01367
2.016 1.01424
2.017 1.01437
2.018 1.01464
2.019 1.01502
2.02 1.01572
2.021 1.01634
2.022 1.01671
2.023 1.01694
2.024 1.01781
2.025 1.01832
2.026 1.01876
2.027 1.01945
2.028 1.01973
2.029 1.02035
2.03 1.02081
2.031 1.02131
2.032 1.02185
2.033 1.02228
2.034 1.02286
2.035 1.02347
2.036 1.02411
2.037 1.02469
2.038 1.02515
2.039 1.0258
2.04 1.02651
2.041 1.02706
2.042 1.02745
2.043 1.02795
2.044 1.02838
2.045 1.02905
2.046 1.02938
2.047 1.02987
2.048 1.0304
2.049 1.03065
2.05 1.03122
2.051 1.03179
2.052 1.03219
2.053 1.03309
2.054 1.03349
2.055 1.0336
2.056 1.03364
2.057 1.03408
2.058 1.03472
2.059 1.03542
2.06 1.03591
2.061 1.03628
2.062 1.03658
2.063 1.03718
2.064 1.03779
2.065 1.03809
2.066 1.03884
2.067 1.03932
2.068 1.03978
2.069 1.04012
2.07 1.04053
2.071 1.04106
2.072 1.04182
2.073 1.04255
2.074 1.04302
2.075 1.0435
2.076 1.04417
2.077 1.04433
2.078 1.04552
2.079 1.04578
2.08 1.04622
2.081 1.04699
2.082 1.04821
2.083 1.04843
2.084 1.04874
2.085 1.04924
2.086 1.04955
2.087 1.04986
2.088 1.05025
2.089 1.05079
2.09 1.0516
2.091 1.05177
2.092 1.05191
2.093 1.05219
2.094 1.05302
2.095 1.05339
2.096 1.05381
2.097 1.05401
2.098 1.05464
2.099 1.05521
2.1 1.0558
2.101 1.05644
2.102 1.0568
2.103 1.05735
2.104 1.05776
2.105 1.05803
2.106 1.05892
2.107 1.05944
2.108 1.06024
2.109 1.06088
2.11 1.06172
2.111 1.06219
2.112 1.06291
2.113 1.06331
2.114 1.06348
2.115 1.06406
2.116 1.06433
2.117 1.06504
2.118 1.06536
2.119 1.06587
2.12 1.06634
2.121 1.06704
2.122 1.06761
2.123 1.06792
2.124 1.06815
2.125 1.06836
2.126 1.06877
2.127 1.06928
2.128 1.06937
2.129 1.06967
2.13 1.07012
2.131 1.07064
2.132 1.07112
2.133 1.07157
2.134 1.07259
2.135 1.0733
2.136 1.07359
2.137 1.07409
2.138 1.07465
2.139 1.07522
2.14 1.07634
2.141 1.07657
2.142 1.07742
2.143 1.07808
2.144 1.07873
2.145 1.07919
2.146 1.07954
2.147 1.07995
2.148 1.08044
2.149 1.08088
2.15 1.08129
2.151 1.08155
2.152 1.08189
2.153 1.08228
2.154 1.08278
2.155 1.08316
2.156 1.0835
2.157 1.08419
2.158 1.08449
2.159 1.085
2.16 1.08556
2.161 1.08586
2.162 1.08626
2.163 1.08724
2.164 1.08767
2.165 1.08839
2.166 1.0887
2.167 1.08907
2.168 1.08949
2.169 1.09011
2.17 1.09122
2.171 1.09177
2.172 1.0923
2.173 1.09264
2.174 1.09322
2.175 1.09372
2.176 1.09423
2.177 1.09456
2.178 1.09501
2.179 1.09537
2.18 1.09586
2.181 1.09631
2.182 1.09655
2.183 1.09692
2.184 1.0975
2.185 1.09781
2.186 1.09827
2.187 1.09916
2.188 1.09959
2.189 1.09993
2.19 1.10032
2.191 1.10071
2.192 1.10092
2.193 1.10128
2.194 1.10175
2.195 1.10212
2.196 1.10245
2.197 1.10262
2.198 1.10299
2.199 1.10358
2.2 1.10399
2.201 1.10436
2.202 1.10494
2.203 1.10559
2.204 1.10602
2.205 1.10642
2.206 1.10689
2.207 1.1074
2.208 1.10781
2.209 1.10825
2.21 1.10881
2.211 1.10928
2.212 1.10957
2.213 1.10991
2.214 1.11031
2.215 1.11085
2.216 1.11149
2.217 1.11214
2.218 1.1125
2.219 1.11291
2.22 1.11321
2.221 1.11339
2.222 1.11401
2.223 1.11495
2.224 1.1152
2.225 1.11578
2.226 1.11637
2.227 1.11686
2.228 1.11724
2.229 1.11775
2.23 1.11823
2.231 1.11876
2.232 1.119
2.233 1.11972
2.234 1.12026
2.235 1.12053
2.236 1.12153
2.237 1.12189
2.238 1.12219
2.239 1.12288
2.24 1.12354
2.241 1.12407
2.242 1.12457
2.243 1.12496
2.244 1.12559
2.245 1.12606
2.246 1.12667
2.247 1.12715
2.248 1.12781
2.249 1.12832
2.25 1.12933
2.251 1.12976
2.252 1.13036
2.253 1.13088
2.254 1.1319
2.255 1.13211
2.256 1.13233
2.257 1.13305
2.258 1.13352
2.259 1.13396
2.26 1.13451
2.261 1.13491
2.262 1.13551
2.263 1.13585
2.264 1.13618
2.265 1.13702
2.266 1.13743
2.267 1.13823
2.268 1.13893
2.269 1.13923
2.27 1.1397
2.271 1.14015
2.272 1.14055
2.273 1.14106
2.274 1.14145
2.275 1.14168
2.276 1.14242
2.277 1.14308
2.278 1.14346
2.279 1.14424
2.28 1.14499
2.281 1.14557
2.282 1.14631
2.283 1.14694
2.284 1.14795
2.285 1.14847
2.286 1.14882
2.287 1.14901
2.288 1.1493
2.289 1.14984
2.29 1.15046
2.291 1.1513
2.292 1.15183
2.293 1.15205
2.294 1.1526
2.295 1.15299
2.296 1.1536
2.297 1.15378
2.298 1.15423
2.299 1.15444
2.3 1.15484
2.301 1.15551
2.302 1.15599
2.303 1.15657
2.304 1.15722
2.305 1.15753
2.306 1.15785
2.307 1.15824
2.308 1.1588
2.309 1.15922
2.31 1.1598
2.311 1.16034
2.312 1.16063
2.313 1.16138
2.314 1.16214
2.315 1.1628
2.316 1.16323
2.317 1.16366
2.318 1.16397
2.319 1.1648
2.32 1.16515
2.321 1.16624
2.322 1.16678
2.323 1.16734
2.324 1.16819
2.325 1.16852
2.326 1.16884
2.327 1.16955
2.328 1.17001
2.329 1.17069
2.33 1.17121
2.331 1.17191
2.332 1.1723
2.333 1.17302
2.334 1.17344
2.335 1.17361
2.336 1.17488
2.337 1.17564
2.338 1.17592
2.339 1.17628
2.34 1.17675
2.341 1.17692
2.342 1.17727
2.343 1.17782
2.344 1.1784
2.345 1.17884
2.346 1.1792
2.347 1.17973
2.348 1.18014
2.349 1.18055
2.35 1.18105
2.351 1.18135
2.352 1.18174
2.353 1.18215
2.354 1.1827
2.355 1.18305
2.356 1.18345
2.357 1.18385
2.358 1.18399
2.359 1.18434
2.36 1.18466
2.361 1.18513
2.362 1.18568
2.363 1.1861
2.364 1.18625
2.365 1.18645
2.366 1.1867
2.367 1.18712
2.368 1.18749
2.369 1.18823
2.37 1.18862
2.371 1.18907
2.372 1.18952
2.373 1.18969
2.374 1.19014
2.375 1.19073
2.376 1.19101
2.377 1.19142
2.378 1.19155
2.379 1.19189
2.38 1.19221
2.381 1.19265
2.382 1.19357
2.383 1.19403
2.384 1.19423
2.385 1.19479
2.386 1.19531
2.387 1.19555
2.388 1.19622
2.389 1.1968
2.39 1.19707
2.391 1.19755
2.392 1.19818
2.393 1.19843
2.394 1.19879
2.395 1.19943
2.396 1.20022
2.397 1.20038
2.398 1.20076
2.399 1.20105
2.4 1.20142
2.401 1.20195
2.402 1.2021
2.403 1.20254
2.404 1.2031
2.405 1.20345
2.406 1.20363
2.407 1.20466
2.408 1.20522
2.409 1.20583
2.41 1.20657
2.411 1.20689
2.412 1.20709
2.413 1.2076
2.414 1.20787
2.415 1.2081
2.416 1.20841
2.417 1.20859
2.418 1.2096
2.419 1.20991
2.42 1.21048
2.421 1.21071
2.422 1.21109
2.423 1.21162
2.424 1.2122
2.425 1.21275
2.426 1.21306
2.427 1.21346
2.428 1.21403
2.429 1.21484
2.43 1.21506
2.431 1.21537
2.432 1.21568
2.433 1.21621
2.434 1.21685
2.435 1.21708
2.436 1.21777
2.437 1.21841
2.438 1.21892
2.439 1.21951
2.44 1.21975
2.441 1.22028
2.442 1.22097
2.443 1.22179
2.444 1.22196
2.445 1.22232
2.446 1.22258
2.447 1.22276
2.448 1.22324
2.449 1.22332
2.45 1.22426
2.451 1.22481
2.452 1.22561
2.453 1.22619
2.454 1.22664
2.455 1.22677
2.456 1.227
2.457 1.22739
2.458 1.22769
2.459 1.22799
2.46 1.22852
2.461 1.22893
2.462 1.22993
2.463 1.23021
2.464 1.23075
2.465 1.23116
2.466 1.23156
2.467 1.23197
2.468 1.23227
2.469 1.23294
2.47 1.23341
2.471 1.23379
2.472 1.23479
2.473 1.23517
2.474 1.23543
2.475 1.23569
2.476 1.23602
2.477 1.23622
2.478 1.23643
2.479 1.2365
2.48 1.23671
2.481 1.23713
2.482 1.23755
2.483 1.23815
2.484 1.2386
2.485 1.2392
2.486 1.23948
2.487 1.2398
2.488 1.2402
2.489 1.24115
2.49 1.2415
2.491 1.24231
2.492 1.24268
2.493 1.24304
2.494 1.24345
2.495 1.24372
2.496 1.24443
2.497 1.24496
2.498 1.24532
2.499 1.24607
2.5 1.24626
2.501 1.24638
2.502 1.24685
2.503 1.24695
2.504 1.24752
2.505 1.24799
2.506 1.24813
2.507 1.24855
2.508 1.24874
2.509 1.24915
2.51 1.24947
2.511 1.25048
2.512 1.25083
2.513 1.2513
2.514 1.25187
2.515 1.25234
2.516 1.25284
2.517 1.25361
2.518 1.25403
2.519 1.25419
2.52 1.25453
2.521 1.25471
2.522 1.25512
2.523 1.256
2.524 1.25636
2.525 1.25658
2.526 1.25727
2.527 1.25788
2.528 1.25828
2.529 1.25873
2.53 1.2591
2.531 1.25961
2.532 1.2599
2.533 1.2605
2.534 1.261
2.535 1.26145
2.536 1.26218
2.537 1.26245
2.538 1.26261
2.539 1.26287
2.54 1.26392
2.541 1.26435
2.542 1.26492
2.543 1.2656
2.544 1.26617
2.545 1.26672
2.546 1.26711
2.547 1.26762
2.548 1.26803
2.549 1.2687
2.55 1.26903
2.551 1.26979
2.552 1.27025
2.553 1.27072
2.554 1.27096
2.555 1.27154
2.556 1.27169
2.557 1.27248
2.558 1.2732
2.559 1.27366
2.56 1.27428
2.561 1.27474
2.562 1.27498
2.563 1.27535
2.564 1.27566
2.565 1.27664
2.566 1.27712
2.567 1.27753
2.568 1.27809
2.569 1.27848
2.57 1.27883
2.571 1.27948
2.572 1.28021
2.573 1.28045
2.574 1.28075
2.575 1.28103
2.576 1.28145
2.577 1.28185
2.578 1.283
2.579 1.28363
2.58 1.28402
2.581 1.28421
2.582 1.2847
2.583 1.28526
2.584 1.28643
2.585 1.28722
2.586 1.28765
2.587 1.28796
2.588 1.28828
2.589 1.28879
2.59 1.28948
2.591 1.29008
2.592 1.29032
2.593 1.29105
2.594 1.2916
2.595 1.29184
2.596 1.29244
2.597 1.29291
2.598 1.29344
2.599 1.29415
2.6 1.29442
2.601 1.2948
2.602 1.29522
2.603 1.29566
2.604 1.29667
2.605 1.29735
2.606 1.29798
2.607 1.29847
2.608 1.29917
2.609 1.29981
2.61 1.30013
2.611 1.30052
2.612 1.30135
2.613 1.30229
2.614 1.3025
2.615 1.30308
2.616 1.30362
2.617 1.30386
2.618 1.30436
2.619 1.30482
2.62 1.30545
2.621 1.30581
2.622 1.30639
2.623 1.30661
2.624 1.3071
2.625 1.30757
2.626 1.30811
2.627 1.30841
2.628 1.30885
2.629 1.30902
2.63 1.30917
2.631 1.30966
2.632 1.31019
2.633 1.31089
2.634 1.31139
2.635 1.31144
2.636 1.31168
2.637 1.3119
2.638 1.31214
2.639 1.31285
2.64 1.31334
2.641 1.31399
2.642 1.31441
2.643 1.31471
2.644 1.31514
2.645 1.31566
2.646 1.31617
2.647 1.31664
2.648 1.31721
2.649 1.31779
2.65 1.31866
2.651 1.31978
2.652 1.32038
2.653 1.32081
2.654 1.32101
2.655 1.32162
2.656 1.32197
2.657 1.32233
2.658 1.32296
2.659 1.32344
2.66 1.324
2.661 1.32416
2.662 1.32462
2.663 1.32515
2.664 1.32545
2.665 1.32596
2.666 1.32642
2.667 1.32715
2.668 1.32768
2.669 1.3284
2.67 1.3292
2.671 1.32978
2.672 1.33026
2.673 1.33057
2.674 1.33091
2.675 1.33152
2.676 1.33248
2.677 1.33285
2.678 1.33311
2.679 1.33339
2.68 1.33391
2.681 1.33436
2.682 1.33535
2.683 1.33595
2.684 1.33639
2.685 1.33675
2.686 1.33742
2.687 1.33761
2.688 1.33778
2.689 1.33812
2.69 1.3387
2.691 1.33895
2.692 1.33976
2.693 1.3402
2.694 1.34067
2.695 1.3411
2.696 1.34207
2.697 1.34265
2.698 1.34328
2.699 1.34392
2.7 1.34417
2.701 1.34439
2.702 1.34469
2.703 1.34489
2.704 1.34532
2.705 1.34609
2.706 1.34675
2.707 1.34775
2.708 1.34821
2.709 1.34854
2.71 1.34943
2.711 1.34967
2.712 1.3504
2.713 1.35102
2.714 1.35166
2.715 1.35267
2.716 1.35298
2.717 1.3532
2.718 1.35339
2.719 1.35392
2.72 1.35457
2.721 1.35511
2.722 1.35542
2.723 1.35591
2.724 1.35627
2.725 1.35655
2.726 1.35738
2.727 1.35799
2.728 1.35889
2.729 1.35939
2.73 1.35972
2.731 1.36025
2.732 1.36062
2.733 1.36097
2.734 1.36139
2.735 1.36218
2.736 1.3628
2.737 1.36308
2.738 1.36332
2.739 1.36372
2.74 1.36445
2.741 1.36464
2.742 1.36477
2.743 1.36545
2.744 1.36592
2.745 1.36669
2.746 1.36778
2.747 1.36824
2.748 1.3687
2.749 1.36987
2.75 1.3708
2.751 1.37127
2.752 1.37163
2.753 1.37199
2.754 1.37276
2.755 1.37362
2.756 1.37398
2.757 1.37463
2.758 1.37513
2.759 1.3757
2.76 1.37614
2.761 1.37671
2.762 1.37739
2.763 1.37771
2.764 1.37826
2.765 1.37865
2.766 1.37971
2.767 1.38034
2.768 1.38083
2.769 1.38128
2.77 1.38149
2.771 1.38193
2.772 1.3828
2.773 1.38314
2.774 1.38343
2.775 1.38385
2.776 1.38434
2.777 1.38473
2.778 1.38493
2.779 1.38539
2.78 1.38607
2.781 1.3864
2.782 1.38682
2.783 1.38744
2.784 1.38837
2.785 1.38888
2.786 1.38926
2.787 1.38997
2.788 1.39044
2.789 1.39082
2.79 1.39099
2.791 1.39133
2.792 1.39159
2.793 1.39243
2.794 1.39265
2.795 1.39364
2.796 1.39383
2.797 1.39423
2.798 1.39485
2.799 1.39539
2.8 1.39568
2.801 1.39646
2.802 1.39715
2.803 1.3974
2.804 1.39762
2.805 1.39807
2.806 1.39879
2.807 1.39934
2.808 1.39985
2.809 1.4005
2.81 1.40073
2.811 1.40116
2.812 1.40168
2.813 1.40204
2.814 1.40231
2.815 1.40249
2.816 1.40315
2.817 1.40398
2.818 1.40452
2.819 1.40521
2.82 1.40571
2.821 1.40653
2.822 1.40684
2.823 1.40707
2.824 1.40757
2.825 1.40822
2.826 1.40904
2.827 1.40956
2.828 1.40983
2.829 1.41039
2.83 1.41064
2.831 1.411
2.832 1.41157
2.833 1.41213
2.834 1.41236
2.835 1.4132
2.836 1.41364
2.837 1.41411
2.838 1.41425
2.839 1.41473
2.84 1.41495
2.841 1.41525
2.842 1.41635
2.843 1.41666
2.844 1.41725
2.845 1.41753
2.846 1.41787
2.847 1.41815
2.848 1.4188
2.849 1.41914
2.85 1.41997
2.851 1.42035
2.852 1.42108
2.853 1.42156
2.854 1.42176
2.855 1.42206
2.856 1.42338
2.857 1.42413
2.858 1.42461
2.859 1.42528
2.86 1.42561
2.861 1.42602
2.862 1.42661
2.863 1.42718
2.864 1.4276
2.865 1.42818
2.866 1.42886
2.867 1.42916
2.868 1.42945
2.869 1.43
2.87 1.43064
2.871 1.43115
2.872 1.43159
2.873 1.43223
2.874 1.43266
2.875 1.43326
2.876 1.43366
2.877 1.43399
2.878 1.43463
2.879 1.43512
2.88 1.43595
2.881 1.43646
2.882 1.43719
2.883 1.4376
2.884 1.43797
2.885 1.43828
2.886 1.43859
2.887 1.43901
2.888 1.43941
2.889 1.4398
2.89 1.44032
2.891 1.44063
2.892 1.44119
2.893 1.44143
2.894 1.44175
2.895 1.44228
2.896 1.44283
2.897 1.44336
2.898 1.44371
2.899 1.44417
2.9 1.44485
2.901 1.44562
2.902 1.44589
2.903 1.44635
2.904 1.44674
2.905 1.44744
2.906 1.44797
2.907 1.44842
2.908 1.4487
2.909 1.44888
2.91 1.44942
2.911 1.4501
2.912 1.4506
2.913 1.45088
2.914 1.4514
2.915 1.45195
2.916 1.45256
2.917 1.45297
2.918 1.45351
2.919 1.45421
2.92 1.45453
2.921 1.45487
2.922 1.4556
2.923 1.4563
2.924 1.45661
2.925 1.45676
2.926 1.45711
2.927 1.4578
2.928 1.45817
2.929 1.4588
2.93 1.45926
2.931 1.46007
2.932 1.46038
2.933 1.46092
2.934 1.46135
2.935 1.46187
2.936 1.46234
2.937 1.46276
2.938 1.46311
2.939 1.46381
2.94 1.46447
2.941 1.46493
2.942 1.46564
2.943 1.46615
2.944 1.46687
2.945 1.46715
2.946 1.46754
2.947 1.46809
2.948 1.46851
2.949 1.46892
2.95 1.46976
2.951 1.47011
2.952 1.47031
2.953 1.471
2.954 1.47207
2.955 1.47291
2.956 1.47323
2.957 1.47365
2.958 1.47456
2.959 1.47487
2.96 1.47597
2.961 1.47638
2.962 1.47684
2.963 1.47726
2.964 1.47777
2.965 1.47834
2.966 1.4786
2.967 1.47894
2.968 1.4795
2.969 1.48007
2.97 1.48082
2.971 1.48099
2.972 1.48174
2.973 1.48185
2.974 1.48228
2.975 1.48234
2.976 1.48277
2.977 1.48344
2.978 1.48368
2.979 1.48453
2.98 1.48486
2.981 1.48552
2.982 1.48621
2.983 1.4867
2.984 1.48731
2.985 1.48777
2.986 1.48797
2.987 1.48867
2.988 1.48939
2.989 1.48965
2.99 1.49056
2.991 1.49098
2.992 1.49145
2.993 1.49222
2.994 1.49234
2.995 1.49288
2.996 1.49362
2.997 1.49396
2.998 1.49488
2.999 1.49528
3 1.49596
3.001 1.49638
3.002 1.49726
3.003 1.49788
3.004 1.49821
3.005 1.49854
3.006 1.49907
3.007 1.49952
3.008 1.49986
3.009 1.50024
3.01 1.50071
3.011 1.5011
3.012 1.50156
3.013 1.50198
3.014 1.50264
3.015 1.50344
3.016 1.50389
3.017 1.50438
3.018 1.50482
3.019 1.50515
3.02 1.50536
3.021 1.50591
3.022 1.5066
3.023 1.50751
3.024 1.50806
3.025 1.50849
3.026 1.5092
3.027 1.50953
3.028 1.50968
3.029 1.51014
3.03 1.51045
3.031 1.51081
3.032 1.5113
3.033 1.51156
3.034 1.51243
3.035 1.51307
3.036 1.51374
3.037 1.51395
3.038 1.51442
3.039 1.51467
3.04 1.51502
3.041 1.51544
3.042 1.51566
3.043 1.51644
3.044 1.51694
3.045 1.5175
3.046 1.51787
3.047 1.51865
3.048 1.51893
3.049 1.51972
3.05 1.52042
3.051 1.52077
3.052 1.52163
3.053 1.52206
3.054 1.52273
3.055 1.52296
3.056 1.52363
3.057 1.52447
3.058 1.52501
3.059 1.52545
3.06 1.52568
3.061 1.52663
3.062 1.52722
3.063 1.52773
3.064 1.52851
3.065 1.52934
3.066 1.53024
3.067 1.53072
3.068 1.53118
3.069 1.53146
3.07 1.53234
3.071 1.5331
3.072 1.53395
3.073 1.53431
3.074 1.53463
3.075 1.53548
3.076 1.53587
3.077 1.53618
3.078 1.53673
3.079 1.53692
3.08 1.53753
3.081 1.5378
3.082 1.53834
3.083 1.53856
3.084 1.53921
3.085 1.53955
3.086 1.53991
3.087 1.54031
3.088 1.54084
3.089 1.54154
3.09 1.54222
3.091 1.54244
3.092 1.54315
3.093 1.54358
3.094 1.54423
3.095 1.54479
3.096 1.5452
3.097 1.5457
3.098 1.54651
3.099 1.54717
3.1 1.54751
3.101 1.54794
3.102 1.54866
3.103 1.5494
3.104 1.54992
3.105 1.55033
3.106 1.5513
3.107 1.5519
3.108 1.55258
3.109 1.55317
3.11 1.55366
3.111 1.55426
3.112 1.55456
3.113 1.55525
3.114 1.55577
3.115 1.55626
3.116 1.55667
3.117 1.55718
3.118 1.55764
3.119 1.55783
3.12 1.55861
3.121 1.55907
3.122 1.55969
3.123 1.56004
3.124 1.56073
3.125 1.56109
3.126 1.56138
3.127 1.56183
3.128 1.56274
3.129 1.56297
3.13 1.56316
3.131 1.5642
3.132 1.5645
3.133 1.56494
3.134 1.56514
3.135 1.56531
3.136 1.56611
3.137 1.56636
3.138 1.56661
3.139 1.56713
3.14 1.56781
3.141 1.56818
3.142 1.56868
3.143 1.56939
3.144 1.56985
3.145 1.57011
3.146 1.57041
3.147 1.57091
3.148 1.57137
3.149 1.57179
3.15 1.57222
3.151 1.57251
3.152 1.57305
3.153 1.57343
3.154 1.57401
3.155 1.57451
3.156 1.575
3.157 1.57556
3.158 1.57657
3.159 1.57726
3.16 1.5777
3.161 1.57811
3.162 1.57851
3.163 1.57896
3.164 1.57923
3.165 1.57961
3.166 1.57979
3.167 1.58025
3.168 1.58059
3.169 1.58093
3.17 1.58122
3.171 1.58166
3.172 1.58214
3.173 1.58225
3.174 1.58266
3.175 1.58319
3.176 1.58338
3.177 1.58368
3.178 1.58429
3.179 1.58466
3.18 1.58579
3.181 1.58683
3.182 1.58694
3.183 1.58735
3.184 1.58798
3.185 1.58843
3.186 1.58888
3.187 1.58946
3.188 1.5903
3.189 1.5908
3.19 1.59125
3.191 1.59184
3.192 1.59217
3.193 1.59223
3.194 1.59297
3.195 1.59362
3.196 1.59404
3.197 1.5947
3.198 1.59542
3.199 1.59611
3.2 1.59686
3.201 1.59767
3.202 1.59865
3.203 1.59876
3.204 1.59922
3.205 1.59967
3.206 1.60014
3.207 1.60066
3.208 1.6011
3.209 1.6017
3.21 1.60228
3.211 1.60324
3.212 1.60367
3.213 1.6042
3.214 1.60488
3.215 1.60521
3.216 1.60558
3.217 1.60591
3.218 1.60708
3.219 1.60786
3.22 1.60818
3.221 1.60867
3.222 1.6089
3.223 1.60947
3.224 1.61005
3.225 1.61032
3.226 1.61076
3.227 1.61106
3.228 1.61164
3.229 1.61232
3.23 1.61308
3.231 1.61337
3.232 1.61372
3.233 1.61448
3.234 1.61479
3.235 1.61514
3.236 1.61586
3.237 1.61661
3.238 1.61764
3.239 1.61838
3.24 1.61921
3.241 1.61952
3.242 1.62046
3.243 1.62104
3.244 1.62141
3.245 1.62157
3.246 1.62208
3.247 1.62253
3.248 1.62318
3.249 1.62359
3.25 1.62409
3.251 1.62474
3.252 1.6253
3.253 1.62587
3.254 1.62657
3.255 1.62796
3.256 1.62825
3.257 1.62866
3.258 1.62947
3.259 1.62959
3.26 1.62984
3.261 1.63024
3.262 1.63113
3.263 1.63177
3.264 1.63218
3.265 1.63321
3.266 1.63378
3.267 1.63419
3.268 1.63501
3.269 1.6356
3.27 1.6358
3.271 1.63628
3.272 1.63667
3.273 1.63735
3.274 1.63783
3.275 1.63839
3.276 1.63879
3.277 1.63944
3.278 1.64005
3.279 1.64072
3.28 1.64135
3.281 1.64209
3.282 1.64272
3.283 1.64355
3.284 1.64373
3.285 1.64405
3.286 1.64438
3.287 1.64466
3.288 1.64502
3.289 1.64562
3.29 1.64634
3.291 1.64688
3.292 1.64782
3.293 1.64838
3.294 1.64889
3.295 1.64909
3.296 1.64942
3.297 1.6498
3.298 1.65074
3.299 1.65161
3.3 1.65202
3.301 1.65216
3.302 1.6531
3.303 1.65408
3.304 1.65463
3.305 1.65501
3.306 1.65534
3.307 1.65583
3.308 1.65685
3.309 1.6574
3.31 1.6577
3.311 1.65803
3.312 1.65846
3.313 1.6587
3.314 1.65919
3.315 1.65969
3.316 1.66009
3.317 1.66042
3.318 1.66084
3.319 1.66139
3.32 1.66184
3.321 1.66218
3.322 1.66268
3.323 1.66304
3.324 1.66362
3.325 1.66418
3.326 1.66441
3.327 1.66482
3.328 1.66531
3.329 1.66626
3.33 1.667
3.331 1.66788
3.332 1.66824
3.333 1.66908
3.334 1.66983
3.335 1.67046
3.336 1.6709
3.337 1.67136
3.338 1.67166
3.339 1.672
3.34 1.67253
3.341 1.67265
3.342 1.67307
3.343 1.67353
3.344 1.67433
3.345 1.67478
3.346 1.67534
3.347 1.67588
3.348 1.67634
3.349 1.67692
3.35 1.67712
3.351 1.67784
3.352 1.6785
3.353 1.67911
3.354 1.6795
3.355 1.68027
3.356 1.68056
3.357 1.68109
3.358 1.6816
3.359 1.68191
3.36 1.68218
3.361 1.68308
3.362 1.68426
3.363 1.68504
3.364 1.68539
3.365 1.68601
3.366 1.68661
3.367 1.68777
3.368 1.68881
3.369 1.68928
3.37 1.68985
3.371 1.69035
3.372 1.69076
3.373 1.69162
3.374 1.69188
3.375 1.6923
3.376 1.69319
3.377 1.6935
3.378 1.69417
3.379 1.6948
3.38 1.69551
3.381 1.69606
3.382 1.6966
3.383 1.69748
3.384 1.69822
3.385 1.69846
3.386 1.6988
3.387 1.69922
3.388 1.69957
3.389 1.69999
3.39 1.70045
3.391 1.70109
3.392 1.70166
3.393 1.70209
3.394 1.70244
3.395 1.70306
3.396 1.704
3.397 1.70441
3.398 1.70508
3.399 1.70537
3.4 1.70574
3.401 1.70637
3.402 1.70682
3.403 1.70751
3.404 1.70815
3.405 1.70885
3.406 1.70925
3.407 1.70974
3.408 1.71066
3.409 1.71091
3.41 1.71161
3.411 1.71187
3.412 1.71278
3.413 1.71333
3.414 1.71413
3.415 1.7146
3.416 1.71521
3.417 1.71559
3.418 1.71615
3.419 1.71656
3.42 1.71675
3.421 1.71716
3.422 1.71814
3.423 1.71846
3.424 1.71868
3.425 1.71896
3.426 1.71945
3.427 1.71991
3.428 1.72012
3.429 1.72063
3.43 1.72109
3.431 1.72158
3.432 1.72233
3.433 1.72275
3.434 1.72312
3.435 1.72386
3.436 1.72427
3.437 1.72471
3.438 1.72499
3.439 1.72519
3.44 1.72609
3.441 1.7265
3.442 1.72721
3.443 1.72788
3.444 1.72824
3.445 1.72871
3.446 1.72957
3.447 1.73026
3.448 1.73054
3.449 1.73122
3.45 1.73163
3.451 1.73202
3.452 1.73301
3.453 1.73369
3.454 1.73438
3.455 1.73535
3.456 1.73609
3.457 1.73687
3.458 1.73735
3.459 1.73766
3.46 1.73786
3.461 1.73813
3.462 1.73851
3.463 1.73897
3.464 1.73948
3.465 1.7407
3.466 1.74131
3.467 1.742
3.468 1.74263
3.469 1.74298
3.47 1.74354
3.471 1.74422
3.472 1.74498
3.473 1.74546
3.474 1.74574
3.475 1.74668
3.476 1.74678
3.477 1.74721
3.478 1.74758
3.479 1.74801
3.48 1.74864
3.481 1.74904
3.482 1.74984
3.483 1.75076
3.484 1.75094
3.485 1.7511
3.486 1.75127
3.487 1.75164
3.488 1.75233
3.489 1.75276
3.49 1.75319
3.491 1.75353
3.492 1.75399
3.493 1.75464
3.494 1.75589
3.495 1.7567
3.496 1.75702
3.497 1.75722
3.498 1.75769
3.499 1.75825
3.5 1.75906
3.501 1.75946
3.502 1.75963
3.503 1.75997
3.504 1.76032
3.505 1.76091
3.506 1.76136
3.507 1.76161
3.508 1.76247
3.509 1.76289
3.51 1.76328
3.511 1.76379
3.512 1.7641
3.513 1.76495
3.514 1.76527
3.515 1.76592
3.516 1.76654
3.517 1.76693
3.518 1.76786
3.519 1.76816
3.52 1.76899
3.521 1.7695
3.522 1.77007
3.523 1.77078
3.524 1.77135
3.525 1.77166
3.526 1.77183
3.527 1.77252
3.528 1.77305
3.529 1.7738
3.53 1.77434
3.531 1.77462
3.532 1.77516
3.533 1.77595
3.534 1.77615
3.535 1.77677
3.536 1.77715
3.537 1.77754
3.538 1.77812
3.539 1.77834
3.54 1.77891
3.541 1.77913
3.542 1.77943
3.543 1.77965
3.544 1.77997
3.545 1.78046
3.546 1.78087
3.547 1.78174
3.548 1.7822
3.549 1.78271
3.55 1.78313
3.551 1.78386
3.552 1.78435
3.553 1.78464
3.554 1.78528
3.555 1.7859
3.556 1.78645
3.557 1.78705
3.558 1.7874
3.559 1.78788
3.56 1.78841
3.561 1.78874
3.562 1.78909
3.563 1.78948
3.564 1.79005
3.565 1.79075
3.566 1.79139
3.567 1.79186
3.568 1.79215
3.569 1.7928
3.57 1.79348
3.571 1.79421
3.572 1.79503
3.573 1.79546
3.574 1.79568
3.575 1.796
3.576 1.79628
3.577 1.79661
3.578 1.79677
3.579 1.79712
3.58 1.79754
3.581 1.7979
3.582 1.79846
3.583 1.79859
3.584 1.79896
3.585 1.79996
3.586 1.80021
3.587 1.80063
3.588 1.80155
3.589 1.80206
3.59 1.80263
3.591 1.80311
3.592 1.80362
3.593 1.80426
3.594 1.8048
3.595 1.80532
3.596 1.80599
3.597 1.80705
3.598 1.80776
3.599 1.80824
3.6 1.80868
3.601 1.80905
3.602 1.80936
3.603 1.80979
3.604 1.81038
3.605 1.81083
3.606 1.81151
3.607 1.81193
3.608 1.81241
3.609 1.81272
3.61 1.81318
3.611 1.81329
3.612 1.81362
3.613 1.81412
3.614 1.8145
3.615 1.81499
3.616 1.81542
3.617 1.81582
3.618 1.8162
3.619 1.81668
3.62 1.81756
3.621 1.81806
3.622 1.81879
3.623 1.81942
3.624 1.81971
3.625 1.82028
3.626 1.8206
3.627 1.82133
3.628 1.82204
3.629 1.82262
3.63 1.82286
3.631 1.82339
3.632 1.82395
3.633 1.82453
3.634 1.82496
3.635 1.82578
3.636 1.82621
3.637 1.82696
3.638 1.8273
3.639 1.82755
3.64 1.82811
3.641 1.82902
3.642 1.82947
3.643 1.82998
3.644 1.83053
3.645 1.83089
3.646 1.83129
3.647 1.8316
3.648 1.83232
3.649 1.83262
3.65 1.83292
3.651 1.83339
3.652 1.8342
3.653 1.83461
3.654 1.83507
3.655 1.83578
3.656 1.83604
3.657 1.8364
3.658 1.83679
3.659 1.83735
3.66 1.83807
3.661 1.83849
3.662 1.83926
3.663 1.83949
3.664 1.83998
3.665 1.84044
3.666 1.84089
3.667 1.84112
3.668 1.84148
3.669 1.84167
3.67 1.84218
3.671 1.84245
3.672 1.84272
3.673 1.84292
3.674 1.84327
3.675 1.84358
3.676 1.84415
3.677 1.84531
3.678 1.84569
3.679 1.84605
3.68 1.84667
3.681 1.8472
3.682 1.84736
3.683 1.84785
3.684 1.84812
3.685 1.84869
3.686 1.84931
3.687 1.84963
3.688 1.85021
3.689 1.85057
3.69 1.85134
3.691 1.85183
3.692 1.85238
3.693 1.853
3.694 1.85337
3.695 1.85431
3.696 1.85453
3.697 1.85573
3.698 1.85618
3.699 1.85645
3.7 1.85681
3.701 1.85722
3.702 1.85773
3.703 1.85815
3.704 1.85856
3.705 1.85918
3.706 1.85972
3.707 1.86011
3.708 1.86045
3.709 1.86161
3.71 1.8625
3.711 1.86284
3.712 1.86302
3.713 1.86341
3.714 1.86382
3.715 1.86408
3.716 1.86424
3.717 1.86491
3.718 1.86524
3.719 1.86546
3.72 1.86617
3.721 1.86649
3.722 1.86708
3.723 1.86735
3.724 1.868
3.725 1.86816
3.726 1.86859
3.727 1.86895
3.728 1.86944
3.729 1.86965
3.73 1.86998
3.731 1.87033
3.732 1.87074
3.733 1.87124
3.734 1.87152
3.735 1.87184
3.736 1.87226
3.737 1.8726
3.738 1.87336
3.739 1.87377
3.74 1.87413
3.741 1.87454
3.742 1.87492
3.743 1.8751
3.744 1.8756
3.745 1.87579
3.746 1.87596
3.747 1.87656
3.748 1.87721
3.749 1.87762
3.75 1.87828
3.751 1.87857
3.752 1.87939
3.753 1.87964
3.754 1.88009
3.755 1.88042
3.756 1.88067
3.757 1.88129
3.758 1.88195
3.759 1.88238
3.76 1.88281
3.761 1.88329
3.762 1.88354
3.763 1.88395
3.764 1.8844
3.765 1.8852
3.766 1.88549
3.767 1.88605
3.768 1.88646
3.769 1.88705
3.77 1.88737
3.771 1.88768
3.772 1.888
3.773 1.88833
3.774 1.88902
3.775 1.88929
3.776 1.88968
3.777 1.89027
3.778 1.89073
3.779 1.89114
3.78 1.89185
3.781 1.89236
3.782 1.89263
3.783 1.89296
3.784 1.89354
3.785 1.894
3.786 1.89455
3.787 1.89491
3.788 1.89521
3.789 1.89574
3.79 1.8964
3.791 1.8971
3.792 1.8979
3.793 1.89824
3.794 1.89861
3.795 1.89916
3.796 1.89972
3.797 1.90011
3.798 1.90044
3.799 1.90105
3.8 1.90136
3.801 1.90185
3.802 1.902
3.803 1.90247
3.804 1.90256
3.805 1.90304
3.806 1.90383
3.807 1.90425
3.808 1.90474
3.809 1.90535
3.81 1.90551
3.811 1.90615
3.812 1.90641
3.813 1.90685
3.814 1.9071
3.815 1.90729
3.816 1.90781
3.817 1.9082
3.818 1.90839
3.819 1.90858
3.82 1.9094
3.821 1.9097
3.822 1.90995
3.823 1.91028
3.824 1.91076
3.825 1.91142
3.826 1.91195
3.827 1.91234
3.828 1.91318
3.829 1.91369
3.83 1.91395
3.831 1.91449
3.832 1.91497
3.833 1.9154
3.834 1.9161
3.835 1.91664
3.836 1.91778
3.837 1.91819
3.838 1.91871
3.839 1.91929
3.84 1.91966
3.841 1.92009
3.842 1.92045
3.843 1.92108
3.844 1.92178
3.845 1.92235
3.846 1.92264
3.847 1.92296
3.848 1.92318
3.849 1.92336
3.85 1.92363
3.851 1.92444
3.852 1.92543
3.853 1.92614
3.854 1.92653
3.855 1.92743
3.856 1.92796
3.857 1.92892
3.858 1.92927
3.859 1.92975
3.86 1.93009
3.861 1.93057
3.862 1.93098
3.863 1.93186
3.864 1.93236
3.865 1.93309
3.866 1.93354
3.867 1.93438
3.868 1.93465
3.869 1.93514
3.87 1.93576
3.871 1.93612
3.872 1.93653
3.873 1.93705
3.874 1.93748
3.875 1.93775
3.876 1.93833
3.877 1.93855
3.878 1.93927
3.879 1.93979
3.88 1.94038
3.881 1.94074
3.882 1.94129
3.883 1.94198
3.884 1.94256
3.885 1.94292
3.886 1.94337
3.887 1.9437
3.888 1.94427
3.889 1.94452
3.89 1.94517
3.891 1.94554
3.892 1.94623
3.893 1.94671
3.894 1.94703
3.895 1.94764
3.896 1.94848
3.897 1.94899
3.898 1.94945
3.899 1.94987
3.9 1.95048
3.901 1.95072
3.902 1.9509
3.903 1.95138
3.904 1.95196
3.905 1.95238
3.906 1.95279
3.907 1.95316
3.908 1.95334
3.909 1.95388
3.91 1.95476
3.911 1.95593
3.912 1.95621
3.913 1.9569
3.914 1.95718
3.915 1.9575
3.916 1.958
3.917 1.95859
3.918 1.95946
3.919 1.96046
3.92 1.96069
3.921 1.96133
3.922 1.96177
3.923 1.96213
3.924 1.96257
3.925 1.96299
3.926 1.96341
3.927 1.9642
3.928 1.96451
3.929 1.96558
3.93 1.96615
3.931 1.9667
3.932 1.96724
3.933 1.9678
3.934 1.96824
3.935 1.96912
3.936 1.96969
3.937 1.96993
3.938 1.97026
3.939 1.97104
3.94 1.97148
3.941 1.97173
3.942 1.97242
3.943 1.97297
3.944 1.97347
3.945 1.97399
3.946 1.97426
3.947 1.97459
3.948 1.97482
3.949 1.97519
3.95 1.9761
3.951 1.97651
3.952 1.97723
3.953 1.97781
3.954 1.97816
3.955 1.97833
3.956 1.97863
3.957 1.97877
3.958 1.97991
3.959 1.98023
3.96 1.98038
3.961 1.9809
3.962 1.98212
3.963 1.98319
3.964 1.98351
3.965 1.98406
3.966 1.98464
3.967 1.9854
3.968 1.98582
3.969 1.98644
3.97 1.98682
3.971 1.98734
3.972 1.98784
3.973 1.98794
3.974 1.98832
3.975 1.98874
3.976 1.98917
3.977 1.98961
3.978 1.98982
3.979 1.99005
3.98 1.99056
3.981 1.99092
3.982 1.99118
3.983 1.99173
3.984 1.99241
3.985 1.99299
3.986 1.99331
3.987 1.99372
3.988 1.9942
3.989 1.99463
3.99 1.99521
3.991 1.99575
3.992 1.99597
3.993 1.99629
3.994 1.99746
3.995 1.99786
3.996 1.99857
3.997 1.99887
3.998 1.99928
3.999 2.00002
4 2.00043
