t d th
0 0 0
0.01 0.00539205 0.005
0.02 0.0056408 0.01
0.03 0.00774656 0.015
0.04 0.013454 0.02
0.05 0.0150222 0.025
0.06 0.0216699 0.03
0.07 0.0219602 0.035
0.08 0.0219791 0.04
0.09 0.0481193 0.045
0.1 0.0485073 0.05
0.11 0.0613352 0.055
0.12 0.0670695 0.06
0.13 0.0681117 0.065
0.14 0.068721 0.07
0.15 0.103677 0.075
0.16 0.108592 0.08
0.17 0.122199 0.085
0.18 0.124161 0.09
0.19 0.12537 0.095
0.2 0.129123 0.1
0.21 0.135351 0.105
0.22 0.135553 0.11
0.23 0.135554 0.115
0.24 0.135629 0.12
0.25 0.139474 0.125
0.26 0.140368 0.13
0.27 0.140631 0.135
0.28 0.142127 0.14
0.29 0.143189 0.145
0.3 0.144073 0.15
0.31 0.149676 0.155
0.32 0.164624 0.16
0.33 0.171175 0.165
0.34 0.173894 0.17
0.35 0.173896 0.175
0.36 0.177963 0.18
0.37 0.182349 0.185
0.38 0.194559 0.19
0.39 0.212156 0.195
0.4 0.214299 0.2
0.41 0.218802 0.205
0.42 0.22091 0.21
0.43 0.230688 0.215
0.44 0.236967 0.22
0.45 0.238675 0.225
0.46 0.239443 0.23
0.47 0.240223 0.235
0.48 0.242589 0.24
0.49 0.244236 0.245
0.5 0.249633 0.25
0.51 0.250103 0.255
0.52 0.250815 0.26
0.53 0.258336 0.265
0.54 0.27936 0.27
0.55 0.282157 0.275
0.56 0.28227 0.28
0.57 0.282276 0.285
0.58 0.290308 0.29
0.59 0.324306 0.295
0.6 0.326949 0.3
0.61 0.333108 0.305
0.62 0.334658 0.31
0.63 0.334702 0.315
0.64 0.334754 0.32
0.65 0.353548 0.325
0.66 0.354031 0.33
0.67 0.359733 0.335
0.68 0.361782 0.34
0.69 0.379576 0.345
0.7 0.38029 0.35
0.71 0.382508 0.355
0.72 0.385185 0.36
0.73 0.386103 0.365
0.74 0.389322 0.37
0.75 0.392931 0.375
0.76 0.396036 0.38
0.77 0.398501 0.385
0.78 0.405981 0.39
0.79 0.406023 0.395
0.8 0.421892 0.4
0.81 0.422334 0.405
0.82 0.422805 0.41
0.83 0.422921 0.415
0.84 0.427503 0.42
0.85 0.428266 0.425
0.86 0.429625 0.43
0.87 0.436365 0.435
0.88 0.439597 0.44
0.89 0.446707 0.445
0.9 0.449369 0.45
0.91 0.449371 0.455
0.92 0.454399 0.46
0.93 0.46881 0.465
0.94 0.470528 0.47
0.95 0.470841 0.475
0.96 0.470987 0.48
0.97 0.471236 0.485
0.98 0.477879 0.49
0.99 0.478022 0.495
1 0.478043 0.5
1.01 0.478076 0.505
1.02 0.480601 0.51
1.03 0.480624 0.515
1.04 0.481757 0.52
1.05 0.481767 0.525
1.06 0.485416 0.53
1.07 0.485458 0.535
1.08 0.49091 0.54
1.09 0.496022 0.545
1.1 0.5007 0.55
1.11 0.500741 0.555
1.12 0.501713 0.56
1.13 0.507472 0.565
1.14 0.509541 0.57
1.15 0.520131 0.575
1.16 0.534405 0.58
1.17 0.534618 0.585
1.18 0.535116 0.59
1.19 0.537336 0.595
1.2 0.54347 0.6
1.21 0.554869 0.605
1.22 0.554869 0.61
1.23 0.558743 0.615
1.24 0.558745 0.62
1.25 0.559755 0.625
1.26 0.566339 0.63
1.27 0.570098 0.635
1.28 0.574368 0.64
1.29 0.579559 0.645
1.3 0.58182 0.65
1.31 0.610448 0.655
1.32 0.610448 0.66
1.33 0.624375 0.665
1.34 0.625344 0.67
1.35 0.625347 0.675
1.36 0.625353 0.68
1.37 0.646531 0.685
1.38 0.654376 0.69
1.39 0.678402 0.695
1.4 0.678764 0.7
1.41 0.679026 0.705
1.42 0.679133 0.71
1.43 0.695573 0.715
1.44 0.695576 0.72
1.45 0.698178 0.725
1.46 0.703807 0.73
1.47 0.713913 0.735
1.48 0.713915 0.74
1.49 0.715783 0.745
1.5 0.725362 0.75
1.51 0.730109 0.755
1.52 0.731248 0.76
1.53 0.736867 0.765
1.54 0.751678 0.77
1.55 0.760366 0.775
1.56 0.770899 0.78
1.57 0.770915 0.785
1.58 0.773253 0.79
1.59 0.785013 0.795
1.6 0.786918 0.8
1.61 0.787836 0.805
1.62 0.788114 0.81
1.63 0.790749 0.815
1.64 0.80098 0.82
1.65 0.806995 0.825
1.66 0.807001 0.83
1.67 0.810269 0.835
1.68 0.810428 0.84
1.69 0.814461 0.845
1.7 0.815355 0.85
1.71 0.815733 0.855
1.72 0.816081 0.86
1.73 0.832833 0.865
1.74 0.835623 0.87
1.75 0.847195 0.875
1.76 0.865377 0.88
1.77 0.86986 0.885
1.78 0.871363 0.89
1.79 0.891934 0.895
1.8 0.895075 0.9
1.81 0.896116 0.905
1.82 0.905066 0.91
1.83 0.905068 0.915
1.84 0.907634 0.92
1.85 0.908753 0.925
1.86 0.908845 0.93
1.87 0.914112 0.935
1.88 0.914158 0.94
1.89 0.914901 0.945
1.9 0.927202 0.95
1.91 0.929248 0.955
1.92 0.929406 0.96
1.93 0.930068 0.965
1.94 0.938225 0.97
1.95 0.938228 0.975
1.96 0.938248 0.98
1.97 0.939335 0.985
1.98 0.946768 0.99
1.99 0.951471 0.995
2 0.955571 1
2.01 0.960661 1.005
2.02 0.960968 1.01
2.03 0.964008 1.015
2.04 0.964008 1.02
2.05 0.97952 1.025
2.06 0.979525 1.03
2.07 0.981569 1.035
2.08 0.991601 1.04
2.09 0.993437 1.045
2.1 0.996065 1.05
2.11 1.00837 1.055
2.12 1.00857 1.06
2.13 1.01065 1.065
2.14 1.01111 1.07
2.15 1.01155 1.075
2.16 1.01155 1.08
2.17 1.01369 1.085
2.18 1.01469 1.09
2.19 1.01615 1.095
2.2 1.02479 1.1
2.21 1.0248 1.105
2.22 1.03984 1.11
2.23 1.06696 1.115
2.24 1.09833 1.12
2.25 1.10136 1.125
2.26 1.13701 1.13
2.27 1.16528 1.135
2.28 1.16577 1.14
2.29 1.17253 1.145
2.3 1.17304 1.15
2.31 1.18067 1.155
2.32 1.1807 1.16
2.33 1.18086 1.165
2.34 1.18111 1.17
2.35 1.21024 1.175
2.36 1.21452 1.18
2.37 1.21456 1.185
2.38 1.22462 1.19
2.39 1.22463 1.195
2.4 1.22532 1.2
2.41 1.22532 1.205
2.42 1.2394 1.21
2.43 1.25919 1.215
2.44 1.25919 1.22
2.45 1.26 1.225
2.46 1.26198 1.23
2.47 1.27442 1.235
2.48 1.27549 1.24
2.49 1.2762 1.245
2.5 1.27647 1.25
2.51 1.27844 1.255
2.52 1.28371 1.26
2.53 1.28697 1.265
2.54 1.29589 1.27
2.55 1.29872 1.275
2.56 1.3159 1.28
2.57 1.32154 1.285
2.58 1.32154 1.29
2.59 1.32323 1.295
2.6 1.32659 1.3
2.61 1.36412 1.305
2.62 1.3708 1.31
2.63 1.37278 1.315
2.64 1.37536 1.32
2.65 1.38204 1.325
2.66 1.38204 1.33
2.67 1.38204 1.335
2.68 1.39189 1.34
2.69 1.39717 1.345
2.7 1.39721 1.35
2.71 1.40228 1.355
2.72 1.42543 1.36
2.73 1.42551 1.365
2.74 1.42705 1.37
2.75 1.42819 1.375
2.76 1.4322 1.38
2.77 1.4389 1.385
2.78 1.44653 1.39
2.79 1.44734 1.395
2.8 1.44737 1.4
2.81 1.44766 1.405
2.82 1.45377 1.41
2.83 1.45886 1.415
2.84 1.46077 1.42
2.85 1.46141 1.425
2.86 1.46247 1.43
2.87 1.46396 1.435
2.88 1.47019 1.44
2.89 1.495 1.445
2.9 1.49561 1.45
2.91 1.50056 1.455
2.92 1.50372 1.46
2.93 1.50549 1.465
2.94 1.50745 1.47
2.95 1.50804 1.475
2.96 1.5101 1.48
2.97 1.51474 1.485
2.98 1.51504 1.49
2.99 1.51536 1.495
3 1.51541 1.5
3.01 1.52581 1.505
3.02 1.53833 1.51
3.03 1.54088 1.515
3.04 1.55171 1.52
3.05 1.5522 1.525
3.06 1.56421 1.53
3.07 1.56588 1.535
3.08 1.56886 1.54
3.09 1.57932 1.545
3.1 1.5808 1.55
3.11 1.58087 1.555
3.12 1.5913 1.56
3.13 1.59285 1.565
3.14 1.59325 1.57
3.15 1.59327 1.575
3.16 1.62144 1.58
3.17 1.62223 1.585
3.18 1.62228 1.59
3.19 1.62312 1.595
3.2 1.62785 1.6
3.21 1.65585 1.605
3.22 1.66792 1.61
3.23 1.6737 1.615
3.24 1.67395 1.62
3.25 1.68101 1.625
3.26 1.68947 1.63
3.27 1.69502 1.635
3.28 1.69506 1.64
3.29 1.69528 1.645
3.3 1.69545 1.65
3.31 1.70618 1.655
3.32 1.70637 1.66
3.33 1.735 1.665
3.34 1.73502 1.67
3.35 1.73582 1.675
3.36 1.73582 1.68
3.37 1.73597 1.685
3.38 1.73916 1.69
3.39 1.73919 1.695
3.4 1.73924 1.7
3.41 1.74052 1.705
3.42 1.74462 1.71
3.43 1.75039 1.715
3.44 1.75532 1.72
3.45 1.76602 1.725
3.46 1.76843 1.73
3.47 1.77058 1.735
3.48 1.77126 1.74
3.49 1.77471 1.745
3.5 1.78243 1.75
3.51 1.78319 1.755
3.52 1.80179 1.76
3.53 1.80896 1.765
3.54 1.82184 1.77
3.55 1.82228 1.775
3.56 1.82576 1.78
3.57 1.828 1.785
3.58 1.82806 1.79
3.59 1.83 1.795
3.6 1.83009 1.8
3.61 1.83513 1.805
3.62 1.83591 1.81
3.63 1.83947 1.815
3.64 1.8406 1.82
3.65 1.84659 1.825
3.66 1.84666 1.83
3.67 1.85215 1.835
3.68 1.85218 1.84
3.69 1.85269 1.845
3.7 1.85443 1.85
3.71 1.85515 1.855
3.72 1.85655 1.86
3.73 1.85997 1.865
3.74 1.86408 1.87
3.75 1.86425 1.875
3.76 1.86547 1.88
3.77 1.87385 1.885
3.78 1.88486 1.89
3.79 1.88486 1.895
3.8 1.91391 1.9
3.81 1.92733 1.905
3.82 1.92858 1.91
3.83 1.9289 1.915
3.84 1.94018 1.92
3.85 1.94598 1.925
3.86 1.95207 1.93
3.87 1.9521 1.935
3.88 1.95905 1.94
3.89 1.97554 1.945
3.9 1.97972 1.95
3.91 1.98364 1.955
3.92 1.99578 1.96
3.93 1.99713 1.965
3.94 1.99861 1.97
3.95 1.99872 1.975
3.96 2.00079 1.98
3.97 2.01713 1.985
3.98 2.01843 1.99
3.99 2.04235 1.995
4 2.05322 2
