t I S
0 0 0
0.001 0.000668181 0.00100379
0.002 -0.000318051 0.000586864
0.003 0.000365351 0.00159297
0.004 0.00195826 0.00382417
0.005 0.00409196 0.00635481
0.006 0.00179854 0.00430525
0.007 0.0015905 0.0044461
0.008 0.00122504 0.00490764
0.009 2.02307e-05 0.00395404
0.01 0.00125552 0.00539205
0.011 0.0014416 0.00591766
0.012 -0.00061929 0.00451277
0.013 -0.00186382 0.00387292
0.014 0.000687671 0.00691959
0.015 0.000958428 0.00762493
0.016 -0.00115946 0.0058496
0.017 -0.00462305 0.00286531
0.018 -0.00729028 0.000794183
0.019 -0.00643036 0.00196943
0.02 -0.00531642 0.00332454
0.021 -0.0094945 0.000203548
0.022 -0.00991882 5.27326e-06
0.023 -0.0106801 1.71968e-05
0.024 -0.011246 1.66219e-05
0.025 -0.0116008 1.83452e-05
0.026 -0.0120955 0.000196013
0.027 -0.012049 0.00119049
0.028 -0.012382 0.0012186
0.029 -0.0136598 0.000625581
0.03 -0.014343 0.000138539
0.031 -0.0146789 1.61685e-05
0.032 -0.0142057 0.000738647
0.033 -0.0131703 0.0023065
0.034 -0.0144951 0.0011575
0.035 -0.0159508 1.54009e-07
0.036 -0.0161788 1.77165e-05
0.037 -0.0160115 0.000389363
0.038 -0.0125813 0.00455678
0.039 -0.0149362 0.002768
0.04 -0.0143402 0.00406752
0.041 -0.0165579 0.00209653
0.042 -0.0157192 0.00344731
0.043 -0.0103501 0.00962843
0.044 -0.0145351 0.00623687
0.045 -0.0190549 0.00216629
0.046 -0.0211297 0.000385334
0.047 -0.0209247 0.000891429
0.048 -0.0198062 0.00318346
0.049 -0.0226943 0.000863164
0.05 -0.02344 0.000584477
0.051 -0.0242773 0.000208572
0.052 -0.0245286 0.000139248
0.053 -0.0242866 0.000942406
0.054 -0.0223447 0.00324937
0.055 -0.0216684 0.0045234
0.056 -0.0221039 0.004213
0.057 -0.0213277 0.00577213
0.058 -0.0230763 0.00465788
0.059 -0.0251612 0.00298765
0.06 -0.025023 0.00328987
0.061 -0.0272383 0.00183763
0.062 -0.029265 0.000240703
0.063 -0.0298978 0.000167598
0.064 -0.0301899 0.000535455
0.065 -0.0292674 0.00211663
0.066 -0.0317689 0.000248676
0.067 -0.031444 0.00117307
0.068 -0.0317548 0.0016368
0.069 -0.0317715 0.00188075
0.07 -0.032328 0.00162574
0.071 -0.031561 0.00332147
0.072 -0.0323332 0.00264429
0.073 -0.0300533 0.00524771
0.074 -0.0334285 0.00238137
0.075 -0.0272698 0.00899853
0.076 -0.0279817 0.00899057
0.077 -0.0345239 0.00322532
0.078 -0.0351166 0.00293238
0.079 -0.0362303 0.00219287
0.08 -0.0366611 0.001996
0.081 -0.0364912 0.00238139
0.082 -0.0384409 0.000813506
0.083 -0.0399034 1.2343e-06
0.084 -0.0400632 0.000277516
0.085 -0.0407847 2.79034e-06
0.086 -0.0411072 4.31287e-06
0.087 -0.040959 0.000810211
0.088 -0.0415314 0.000640652
0.089 -0.0372682 0.0055999
0.09 -0.0295754 0.0136896
0.091 -0.0232112 0.0205272
0.092 -0.018086 0.0258235
0.093 -0.0174757 0.0269024
0.094 -0.0246742 0.0203612
0.095 -0.0273461 0.018202
0.096 -0.0211254 0.0247198
0.097 -0.0122695 0.0341033
0.098 -0.0276641 0.0194362
0.099 -0.0254894 0.0219186
0.1 -0.0292275 0.0186864
0.101 -0.018943 0.0292944
0.102 -0.00954091 0.039224
0.103 0.00190722 0.0511625
0.104 -0.00242861 0.0473733
0.105 0.0132851 0.0636879
0.106 0.0153575 0.0659314
0.107 -0.00055816 0.0509059
0.108 -0.000696774 0.0512023
0.109 0.00793772 0.0601475
0.11 0.00996753 0.0624793
0.111 0.0123572 0.0659496
0.112 0.0334589 0.0874597
0.113 0.0419562 0.0964119
0.114 0.0637489 0.118597
0.115 0.0590122 0.11429
0.116 0.0569917 0.113175
0.117 0.0735227 0.131028
0.118 0.0543002 0.112125
0.119 0.0502854 0.10858
0.12 0.0474149 0.10607
0.121 0.0444955 0.103474
0.122 0.0444457 0.103965
0.123 0.0578173 0.117735
0.124 0.0809269 0.141759
0.125 0.0499311 0.11109
0.126 0.0536148 0.115342
0.127 0.0461735 0.10822
0.128 0.0663083 0.128855
0.129 0.0412539 0.104468
0.13 0.0645176 0.128141
0.131 0.0674025 0.131252
0.132 0.063388 0.127551
0.133 0.0502273 0.114748
0.134 0.0632064 0.128071
0.135 0.0527985 0.118366
0.136 0.0234165 0.0897446
0.137 0.0167799 0.0833382
0.138 0.0218763 0.0891788
0.139 0.0433347 0.11119
0.14 0.042746 0.111079
0.141 0.0477168 0.116515
0.142 0.0842512 0.153595
0.143 0.0719279 0.141912
0.144 0.0943454 0.164598
0.145 0.10444 0.175006
0.146 0.145886 0.217256
0.147 0.138312 0.210059
0.148 0.133627 0.205576
0.149 0.129059 0.201695
0.15 0.196987 0.270659
0.151 0.21163 0.285573
0.152 0.202386 0.276955
0.153 0.225773 0.30092
0.154 0.169073 0.24503
0.155 0.19821 0.27466
0.156 0.193979 0.270703
0.157 0.169266 0.246531
0.158 0.147587 0.225328
0.159 0.151335 0.229272
0.16 0.123569 0.202627
0.161 0.124042 0.203448
0.162 0.137744 0.217935
0.163 0.161863 0.242585
0.164 0.159664 0.240846
0.165 0.200597 0.282411
0.166 0.218749 0.300807
0.167 0.215333 0.297919
0.168 0.235921 0.318951
0.169 0.23228 0.315524
0.17 0.237574 0.321252
0.171 0.271912 0.355953
0.172 0.270105 0.354537
0.173 0.306283 0.391103
0.174 0.295504 0.380803
0.175 0.321335 0.406862
0.176 0.33053 0.417004
0.177 0.352491 0.439547
0.178 0.328827 0.416215
0.179 0.301333 0.389198
0.18 0.285241 0.373431
0.181 0.253332 0.342312
0.182 0.227977 0.317492
0.183 0.227161 0.316872
0.184 0.23222 0.322101
0.185 0.219574 0.309876
0.186 0.242156 0.332931
0.187 0.2417 0.3331
0.188 0.229867 0.321742
0.189 0.230611 0.322814
0.19 0.239764 0.33215
0.191 0.227257 0.320018
0.192 0.232292 0.325724
0.193 0.225811 0.320362
0.194 0.239275 0.334461
0.195 0.251677 0.346982
0.196 0.258779 0.355274
0.197 0.281191 0.37781
0.198 0.278848 0.376094
0.199 0.281844 0.379418
0.2 0.308655 0.406516
0.201 0.283289 0.381491
0.202 0.229546 0.328317
0.203 0.231177 0.330841
0.204 0.252989 0.353371
0.205 0.241507 0.342039
0.206 0.222353 0.323163
0.207 0.225547 0.326865
0.208 0.248191 0.349761
0.209 0.210437 0.312612
0.21 0.209554 0.312112
0.211 0.210664 0.31366
0.212 0.168738 0.272224
0.213 0.205191 0.3092
0.214 0.202767 0.307154
0.215 0.184768 0.289572
0.216 0.192133 0.297287
0.217 0.187867 0.293466
0.218 0.20752 0.313764
0.219 0.19465 0.301491
0.22 0.189078 0.296421
0.221 0.204872 0.312667
0.222 0.211877 0.320065
0.223 0.212883 0.32158
0.224 0.1957 0.304863
0.225 0.205514 0.315317
0.226 0.182153 0.29265
0.227 0.188145 0.299064
0.228 0.17038 0.28158
0.229 0.163676 0.275341
0.23 0.183203 0.29539
0.231 0.237507 0.350566
0.232 0.252852 0.366254
0.233 0.288261 0.402003
0.234 0.280213 0.394172
0.235 0.27086 0.38525
0.236 0.278129 0.392963
0.237 0.242616 0.358208
0.238 0.248129 0.364025
0.239 0.234501 0.350663
0.24 0.169367 0.286075
0.241 0.175292 0.292494
0.242 0.186933 0.304564
0.243 0.204223 0.322196
0.244 0.186974 0.3052
0.245 0.193411 0.31207
0.246 0.195263 0.314202
0.247 0.207571 0.326758
0.248 0.230484 0.350387
0.249 0.232552 0.353092
0.25 0.235416 0.356253
0.251 0.236277 0.357985
0.252 0.22179 0.343835
0.253 0.277629 0.400489
0.254 0.269988 0.393141
0.255 0.282907 0.406857
0.256 0.256067 0.380949
0.257 0.233263 0.358402
0.258 0.269308 0.395277
0.259 0.269166 0.395426
0.26 0.266108 0.392848
0.261 0.226297 0.353728
0.262 0.241618 0.369321
0.263 0.273894 0.401941
0.264 0.315272 0.443651
0.265 0.290284 0.419122
0.266 0.316603 0.445839
0.267 0.29259 0.422249
0.268 0.249654 0.379747
0.269 0.264666 0.395006
0.27 0.282692 0.413448
0.271 0.350139 0.481404
0.272 0.341017 0.472848
0.273 0.389765 0.522339
0.274 0.45734 0.590565
0.275 0.434574 0.568238
0.276 0.44611 0.580188
0.277 0.455353 0.589605
0.278 0.417417 0.551855
0.279 0.363805 0.498573
0.28 0.329611 0.464686
0.281 0.327043 0.46279
0.282 0.352091 0.488428
0.283 0.37704 0.513791
0.284 0.414425 0.552057
0.285 0.369061 0.507139
0.286 0.374122 0.5125
0.287 0.37051 0.509175
0.288 0.31814 0.457184
0.289 0.253563 0.393627
0.29 0.279849 0.42133
0.291 0.259419 0.401236
0.292 0.298214 0.44041
0.293 0.324392 0.466823
0.294 0.32359 0.466464
0.295 0.279786 0.423396
0.296 0.331257 0.475467
0.297 0.294317 0.438919
0.298 0.301346 0.446597
0.299 0.312055 0.45796
0.3 0.314651 0.460824
0.301 0.290038 0.436923
0.302 0.241473 0.38924
0.303 0.235706 0.383838
0.304 0.196744 0.345332
0.305 0.209022 0.358038
0.306 0.173729 0.323184
0.307 0.180357 0.330138
0.308 0.218757 0.369142
0.309 0.198956 0.349942
0.31 0.213407 0.364805
0.311 0.215921 0.367891
0.312 0.210744 0.363097
0.313 0.199461 0.352169
0.314 0.201241 0.354333
0.315 0.17194 0.325424
0.316 0.132288 0.286601
0.317 0.0956999 0.250315
0.318 0.0737356 0.22879
0.319 0.0941676 0.249788
0.32 0.075616 0.232063
0.321 0.0884036 0.245129
0.322 0.112874 0.270383
0.323 0.128986 0.286895
0.324 0.11466 0.273282
0.325 0.120874 0.280346
0.326 0.152416 0.312232
0.327 0.170498 0.330706
0.328 0.194105 0.354638
0.329 0.163674 0.32478
0.33 0.154547 0.316597
0.331 0.181851 0.344298
0.332 0.204729 0.367922
0.333 0.193574 0.357117
0.334 0.213157 0.37746
0.335 0.240793 0.405586
0.336 0.207941 0.373067
0.337 0.168871 0.334699
0.338 0.150585 0.317037
0.339 0.194531 0.361492
0.34 0.210193 0.377992
0.341 0.224471 0.392866
0.342 0.211814 0.380625
0.343 0.234686 0.403917
0.344 0.268032 0.437861
0.345 0.259342 0.429457
0.346 0.224518 0.395514
0.347 0.248027 0.419514
0.348 0.231372 0.403457
0.349 0.185428 0.358236
0.35 0.203101 0.376186
0.351 0.194284 0.367597
0.352 0.192713 0.366827
0.353 0.157443 0.332585
0.354 0.20183 0.377737
0.355 0.239444 0.415851
0.356 0.222795 0.399936
0.357 0.239681 0.417315
0.358 0.214116 0.392077
0.359 0.232676 0.411446
0.36 0.27901 0.458481
0.361 0.269305 0.449297
0.362 0.294153 0.47437
0.363 0.252948 0.433889
0.364 0.267154 0.448199
0.365 0.240774 0.422023
0.366 0.253057 0.434845
0.367 0.262666 0.4447
0.368 0.287435 0.469733
0.369 0.321587 0.504481
0.37 0.369367 0.552551
0.371 0.392623 0.576166
0.372 0.407726 0.592538
0.373 0.377613 0.563359
0.374 0.340571 0.526735
0.375 0.310439 0.497149
0.376 0.312766 0.500017
0.377 0.322617 0.510113
0.378 0.248382 0.436627
0.379 0.230864 0.419395
0.38 0.211809 0.400482
0.381 0.168607 0.357881
0.382 0.115475 0.305171
0.383 0.126902 0.316865
0.384 0.109685 0.300009
0.385 0.107343 0.298191
0.386 0.0911533 0.282324
0.387 0.094993 0.286433
0.388 0.0657727 0.257746
0.389 0.043141 0.235624
0.39 0.0572483 0.250183
0.391 0.0645292 0.25803
0.392 0.0551097 0.248973
0.393 0.0542276 0.248539
0.394 0.07608 0.270809
0.395 0.0648248 0.2601
0.396 0.0806354 0.276316
0.397 0.106219 0.30263
0.398 0.113415 0.310098
0.399 0.147336 0.345271
0.4 0.0997472 0.298635
0.401 0.06637 0.265835
0.402 0.0432084 0.242889
0.403 0.0427322 0.243174
0.404 0.00960255 0.210769
0.405 0.0355604 0.237375
0.406 0.0487179 0.250794
0.407 0.0422649 0.244625
0.408 0.00677223 0.209523
0.409 0.0225737 0.225891
0.41 0.0261485 0.229796
0.411 0.0342025 0.238227
0.412 0.0200558 0.224801
0.413 0.0295344 0.234776
0.414 0.0487756 0.254213
0.415 0.0398004 0.245888
0.416 0.0442821 0.25056
0.417 0.0333269 0.239911
0.418 0.0256084 0.23256
0.419 0.0209462 0.228296
0.42 -0.0207956 0.187891
0.421 -0.0655222 0.143862
0.422 -0.0732969 0.136677
0.423 -0.0668556 0.143805
0.424 -0.0707158 0.140598
0.425 -0.0690138 0.142925
0.426 -0.0624309 0.149863
0.427 -0.0643912 0.148311
0.428 -0.0980561 0.115088
0.429 -0.0787903 0.134978
0.43 -0.102286 0.111943
0.431 -0.127348 0.0873277
0.432 -0.129411 0.08563
0.433 -0.121825 0.0936426
0.434 -0.135799 0.0801887
0.435 -0.13489 0.0815934
0.436 -0.14172 0.075196
0.437 -0.136126 0.081181
0.438 -0.146388 0.07174
0.439 -0.155868 0.0624581
0.44 -0.153513 0.0651968
0.441 -0.143738 0.0751836
0.442 -0.171592 0.0481864
0.443 -0.173331 0.0468829
0.444 -0.183018 0.0377518
0.445 -0.187281 0.0340011
0.446 -0.191236 0.0305233
0.447 -0.177905 0.0443354
0.448 -0.163023 0.0596455
0.449 -0.170386 0.0526002
0.45 -0.177839 0.0458027
0.451 -0.183376 0.0405959
0.452 -0.192696 0.0315675
0.453 -0.181675 0.0431624
0.454 -0.177951 0.0470701
0.455 -0.180049 0.045435
0.456 -0.176575 0.0492237
0.457 -0.172981 0.0533302
0.458 -0.175737 0.0509625
0.459 -0.171457 0.0555593
0.46 -0.169034 0.0584375
0.461 -0.161261 0.0666162
0.462 -0.172858 0.0558141
0.463 -0.163195 0.0659094
0.464 -0.19582 0.0346016
0.465 -0.193418 0.0375181
0.466 -0.187849 0.0434699
0.467 -0.185441 0.0462419
0.468 -0.182091 0.0500189
0.469 -0.194586 0.0379451
0.47 -0.186987 0.0457156
0.471 -0.183985 0.0490841
0.472 -0.166769 0.0667339
0.473 -0.169905 0.0643107
0.474 -0.177156 0.057395
0.475 -0.173871 0.060946
0.476 -0.174885 0.0602679
0.477 -0.174879 0.060617
0.478 -0.191823 0.0446783
0.479 -0.197975 0.0393777
0.48 -0.210606 0.0272823
0.481 -0.216749 0.0215652
0.482 -0.218092 0.020644
0.483 -0.218805 0.0201031
0.484 -0.222103 0.0172852
0.485 -0.224818 0.014988
0.486 -0.213888 0.0270318
0.487 -0.225163 0.016076
0.488 -0.22386 0.0182641
0.489 -0.216165 0.0263639
0.49 -0.227434 0.0155228
0.491 -0.233207 0.0100487
0.492 -0.227081 0.0166331
0.493 -0.223057 0.0210369
0.494 -0.218434 0.0263889
0.495 -0.217661 0.0275476
0.496 -0.209149 0.0363926
0.497 -0.21136 0.0344861
0.498 -0.223814 0.0229698
0.499 -0.213811 0.0335298
0.5 -0.208974 0.039227
0.501 -0.217025 0.0315654
0.502 -0.211978 0.0372223
0.503 -0.217124 0.0327146
0.504 -0.194695 0.0560532
0.505 -0.19997 0.05134
0.506 -0.203404 0.0481201
0.507 -0.198918 0.0529243
0.508 -0.196505 0.0557197
0.509 -0.192552 0.0601351
0.51 -0.204982 0.0482772
0.511 -0.203661 0.0497874
0.512 -0.200178 0.0540336
0.513 -0.207265 0.0471077
0.514 -0.206142 0.0485026
0.515 -0.198695 0.0561204
0.516 -0.191673 0.0639957
0.517 -0.201233 0.0548407
0.518 -0.212155 0.0444975
0.519 -0.213564 0.0435558
0.52 -0.220227 0.0372625
0.521 -0.212152 0.0458373
0.522 -0.217663 0.0405165
0.523 -0.206082 0.0528721
0.524 -0.192206 0.0674095
0.525 -0.190656 0.0692738
0.526 -0.212344 0.0482386
0.527 -0.208091 0.0529072
0.528 -0.207813 0.0539574
0.529 -0.193869 0.0683804
0.53 -0.184417 0.078267
0.531 -0.188572 0.0743472
0.532 -0.196196 0.0669949
0.533 -0.200346 0.0631615
0.534 -0.205795 0.0579278
0.535 -0.225192 0.0393479
0.536 -0.230948 0.0340822
0.537 -0.232187 0.0332367
0.538 -0.237967 0.0283125
0.539 -0.245928 0.0211375
0.54 -0.249277 0.018162
0.541 -0.251999 0.015817
0.542 -0.260213 0.008033
0.543 -0.26231 0.00630621
0.544 -0.262543 0.00624161
0.545 -0.265718 0.00353745
0.546 -0.265732 0.00396615
0.547 -0.266632 0.00338167
0.548 -0.264173 0.00619165
0.549 -0.264326 0.0065958
0.55 -0.264983 0.00670484
0.551 -0.269046 0.00320485
0.552 -0.269644 0.00306683
0.553 -0.271165 0.00176276
0.554 -0.269877 0.00374777
0.555 -0.264156 0.0102928
0.556 -0.264054 0.010663
0.557 -0.263076 0.0119041
0.558 -0.270915 0.00444708
0.559 -0.266369 0.0100471
0.56 -0.268149 0.00856007
0.561 -0.267821 0.00907908
0.562 -0.268088 0.00939897
0.563 -0.268694 0.00925079
0.564 -0.266993 0.0113542
0.565 -0.266257 0.0131009
0.566 -0.265074 0.0145904
0.567 -0.270802 0.00941773
0.568 -0.263966 0.0171827
0.569 -0.272373 0.00917826
0.57 -0.273848 0.00813165
0.571 -0.275366 0.00712033
0.572 -0.276709 0.00610252
0.573 -0.280936 0.00241286
0.574 -0.28013 0.00343144
0.575 -0.283293 0.000650371
0.576 -0.284192 0.000144278
0.577 -0.284581 7.50058e-05
0.578 -0.285024 1.79214e-06
0.579 -0.285609 0.000107101
0.58 -0.28669 3.0623e-07
0.581 -0.287226 0.000355035
0.582 -0.288197 2.32702e-05
0.583 -0.288607 2.96013e-06
0.584 -0.288674 0.000423499
0.585 -0.287815 0.00227415
0.586 -0.280643 0.0100697
0.587 -0.275985 0.0151554
0.588 -0.271856 0.0196607
0.589 -0.259679 0.0329318
0.59 -0.25936 0.0337951
0.591 -0.245291 0.04889
0.592 -0.24391 0.0507029
0.593 -0.250322 0.0446837
0.594 -0.255043 0.0409855
0.595 -0.245469 0.0511796
0.596 -0.257062 0.039937
0.597 -0.266339 0.031238
0.598 -0.272372 0.0257092
0.599 -0.279919 0.0187415
0.6 -0.281465 0.0175368
0.601 -0.27309 0.0263209
0.602 -0.282789 0.0170294
0.603 -0.2829 0.017631
0.604 -0.277362 0.0237131
0.605 -0.284144 0.017554
0.606 -0.297754 0.00467246
0.607 -0.300889 0.00200595
0.608 -0.30042 0.00309331
0.609 -0.301601 0.00224706
0.61 -0.301127 0.00291034
0.611 -0.301897 0.00267768
0.612 -0.300872 0.00403159
0.613 -0.301921 0.00348342
0.614 -0.303283 0.00253458
0.615 -0.302679 0.00331358
0.616 -0.301328 0.0051529
0.617 -0.302237 0.0046991
0.618 -0.301299 0.00602013
0.619 -0.304648 0.00324884
0.62 -0.299868 0.008708
0.621 -0.302972 0.00633966
0.622 -0.299221 0.0105801
0.623 -0.302756 0.00747649
0.624 -0.299108 0.0115509
0.625 -0.301701 0.00939628
0.626 -0.299832 0.012134
0.627 -0.305961 0.00626706
0.628 -0.304337 0.0081084
0.629 -0.306811 0.00595624
0.63 -0.305615 0.00750949
0.631 -0.305464 0.00818353
0.632 -0.311088 0.00314699
0.633 -0.312792 0.00185348
0.634 -0.312729 0.00214562
0.635 -0.311197 0.00390874
0.636 -0.308206 0.00833548
0.637 -0.310824 0.00642494
0.638 -0.315014 0.00249319
0.639 -0.316726 0.00136528
0.64 -0.312408 0.00631909
0.641 -0.314141 0.00476327
0.642 -0.313537 0.00578163
0.643 -0.315036 0.00474346
0.644 -0.306703 0.0137652
0.645 -0.296158 0.0249982
0.646 -0.286081 0.0355137
0.647 -0.277685 0.0442071
0.648 -0.267028 0.0554423
0.649 -0.270262 0.053016
0.65 -0.276665 0.0469089
0.651 -0.282754 0.0414008
0.652 -0.284291 0.0405981
0.653 -0.285164 0.0398759
0.654 -0.291485 0.0339714
0.655 -0.274642 0.0515207
0.656 -0.281847 0.0447053
0.657 -0.297924 0.0290545
0.658 -0.294514 0.0330949
0.659 -0.295945 0.0320695
0.66 -0.290941 0.0378685
0.661 -0.282996 0.0461597
0.662 -0.298233 0.031784
0.663 -0.291204 0.0394756
0.664 -0.276909 0.0540787
0.665 -0.280499 0.0511014
0.666 -0.284774 0.0472528
0.667 -0.273477 0.0591895
0.668 -0.272666 0.0601846
0.669 -0.26164 0.0714794
0.67 -0.260494 0.0729588
0.671 -0.248378 0.0856815
0.672 -0.273151 0.0616228
0.673 -0.273528 0.0619699
0.674 -0.288932 0.0473241
0.675 -0.26086 0.0759513
0.676 -0.257549 0.0800464
0.677 -0.274693 0.0637039
0.678 -0.268581 0.070302
0.679 -0.271482 0.0677052
0.68 -0.28912 0.0505577
0.681 -0.271116 0.0692598
0.682 -0.233557 0.107609
0.683 -0.241218 0.100536
0.684 -0.223758 0.118398
0.685 -0.246908 0.0961841
0.686 -0.239692 0.103848
0.687 -0.252144 0.0920378
0.688 -0.229472 0.115153
0.689 -0.220977 0.124005
0.69 -0.217642 0.128339
0.691 -0.205454 0.140754
0.692 -0.220401 0.12689
0.693 -0.187356 0.160409
0.694 -0.192878 0.155217
0.695 -0.201657 0.147084
0.696 -0.200586 0.149165
0.697 -0.213297 0.136605
0.698 -0.235442 0.115227
0.699 -0.225472 0.125806
0.7 -0.241613 0.109908
0.701 -0.271567 0.080641
0.702 -0.281425 0.0709857
0.703 -0.281182 0.0717992
0.704 -0.261298 0.092513
0.705 -0.248435 0.105736
0.706 -0.264404 0.0902504
0.707 -0.263993 0.091225
0.708 -0.285971 0.0698934
0.709 -0.274526 0.0819161
0.71 -0.27655 0.0808969
0.711 -0.258416 0.099541
0.712 -0.265083 0.0933404
0.713 -0.264482 0.0943815
0.714 -0.265189 0.0938615
0.715 -0.242868 0.117356
0.716 -0.232897 0.127803
0.717 -0.240612 0.120464
0.718 -0.24345 0.117913
0.719 -0.235462 0.126654
0.72 -0.249467 0.113009
0.721 -0.251102 0.11186
0.722 -0.246971 0.116738
0.723 -0.254191 0.110412
0.724 -0.256347 0.108684
0.725 -0.233893 0.131566
0.726 -0.266217 0.0999086
0.727 -0.280564 0.0859554
0.728 -0.278868 0.0880595
0.729 -0.301709 0.0658194
0.73 -0.274685 0.0935556
0.731 -0.259965 0.109058
0.732 -0.242973 0.126752
0.733 -0.249327 0.120652
0.734 -0.284134 0.086915
0.735 -0.270229 0.101244
0.736 -0.283327 0.0886615
0.737 -0.290712 0.0817372
0.738 -0.30077 0.072131
0.739 -0.306702 0.066349
0.74 -0.311521 0.0620703
0.741 -0.312611 0.0614647
0.742 -0.318152 0.056483
0.743 -0.30194 0.0731937
0.744 -0.287363 0.0881049
0.745 -0.31327 0.0631679
0.746 -0.2977 0.0791589
0.747 -0.289117 0.0881963
0.748 -0.297439 0.0806767
0.749 -0.301514 0.0767762
0.75 -0.283422 0.0956141
0.751 -0.274648 0.104917
0.752 -0.289028 0.0915385
0.753 -0.272837 0.108328
0.754 -0.255487 0.126124
0.755 -0.282886 0.0991498
0.756 -0.287461 0.0951133
0.757 -0.273746 0.109417
0.758 -0.24178 0.142048
0.759 -0.259548 0.124618
0.76 -0.251429 0.133179
0.761 -0.233537 0.151231
0.762 -0.214847 0.171024
0.763 -0.221979 0.164611
0.764 -0.230996 0.156277
0.765 -0.209171 0.178876
0.766 -0.216788 0.171811
0.767 -0.225621 0.163243
0.768 -0.176458 0.213423
0.769 -0.193172 0.196999
0.77 -0.218752 0.171882
0.771 -0.213105 0.177925
0.772 -0.213379 0.178036
0.773 -0.209666 0.182313
0.774 -0.233044 0.159608
0.775 -0.254898 0.138086
0.776 -0.251543 0.142004
0.777 -0.281552 0.112864
0.778 -0.287035 0.107641
0.779 -0.305853 0.0893087
0.78 -0.287934 0.107649
0.781 -0.28399 0.112177
0.782 -0.278018 0.118248
0.783 -0.288413 0.108109
0.784 -0.289947 0.106701
0.785 -0.294907 0.102081
0.786 -0.278561 0.119273
0.787 -0.278663 0.119729
0.788 -0.313397 0.0861969
0.789 -0.314299 0.0857061
0.79 -0.297144 0.103434
0.791 -0.292954 0.108001
0.792 -0.292773 0.108276
0.793 -0.297243 0.104302
0.794 -0.32058 0.0818612
0.795 -0.319863 0.0830867
0.796 -0.33313 0.0706203
0.797 -0.338376 0.0657448
0.798 -0.337264 0.0672673
0.799 -0.339587 0.0652484
0.8 -0.367471 0.0382743
0.801 -0.378452 0.0276021
0.802 -0.384592 0.0219009
0.803 -0.354746 0.0529481
0.804 -0.368335 0.0402869
0.805 -0.363769 0.0452103
0.806 -0.350282 0.0589269
0.807 -0.353046 0.0564833
0.808 -0.356973 0.0530504
0.809 -0.347691 0.0627986
0.81 -0.364145 0.0469417
0.811 -0.343843 0.0681069
0.812 -0.312283 0.100236
0.813 -0.31676 0.0960355
0.814 -0.313719 0.0995834
0.815 -0.313137 0.100564
0.816 -0.300767 0.113232
0.817 -0.321323 0.0935584
0.818 -0.340186 0.0751749
0.819 -0.335944 0.08014
0.82 -0.359831 0.0568102
0.821 -0.337017 0.080706
0.822 -0.325565 0.0927042
0.823 -0.33854 0.0802696
0.824 -0.330896 0.0886644
0.825 -0.343837 0.0765339
0.826 -0.338195 0.0826461
0.827 -0.331801 0.0896018
0.828 -0.338434 0.0836616
0.829 -0.319701 0.10331
0.83 -0.361815 0.0620616
0.831 -0.367849 0.056546
0.832 -0.375457 0.0495327
0.833 -0.380411 0.0453094
0.834 -0.383273 0.0427435
0.835 -0.388214 0.0385404
0.836 -0.38924 0.0380417
0.837 -0.39787 0.029737
0.838 -0.384554 0.0435793
0.839 -0.386636 0.0419225
0.84 -0.395923 0.0329166
0.841 -0.398083 0.0315946
0.842 -0.395018 0.0348203
0.843 -0.38979 0.0404199
0.844 -0.389776 0.0405326
0.845 -0.392618 0.03825
0.846 -0.389099 0.0422943
0.847 -0.38141 0.0505781
0.848 -0.380701 0.0519308
0.849 -0.388313 0.0449189
0.85 -0.390055 0.0436992
0.851 -0.397079 0.0374072
0.852 -0.402502 0.0322378
0.853 -0.392212 0.0428721
0.854 -0.405734 0.0298971
0.855 -0.406429 0.0295932
0.856 -0.412575 0.0239278
0.857 -0.412274 0.0248327
0.858 -0.409922 0.0276223
0.859 -0.404797 0.0333678
0.86 -0.409081 0.0296423
0.861 -0.411735 0.02805
0.862 -0.413717 0.0264348
0.863 -0.419692 0.0207403
0.864 -0.417752 0.0232611
0.865 -0.411947 0.0298023
0.866 -0.414651 0.0274333
0.867 -0.422757 0.0200141
0.868 -0.43017 0.0130549
0.869 -0.433516 0.0103596
0.87 -0.436276 0.00811366
0.871 -0.440952 0.00402923
0.872 -0.441295 0.00391597
0.873 -0.444708 0.00107689
0.874 -0.442247 0.00409802
0.875 -0.44331 0.00365322
0.876 -0.446095 0.00117495
0.877 -0.446673 0.000909171
0.878 -0.44801 9.25823e-05
0.879 -0.448299 0.000161966
0.88 -0.448029 0.00110346
0.881 -0.447248 0.0023063
0.882 -0.44855 0.00105915
0.883 -0.448656 0.00136221
0.884 -0.449126 0.00122389
0.885 -0.448887 0.00159661
0.886 -0.444031 0.00731351
0.887 -0.44207 0.00965159
0.888 -0.438828 0.0132431
0.889 -0.439475 0.0130613
0.89 -0.439208 0.0138153
0.891 -0.436944 0.0163534
0.892 -0.435536 0.0182009
0.893 -0.431663 0.0225132
0.894 -0.434124 0.0204417
0.895 -0.440437 0.0144796
0.896 -0.436078 0.0191572
0.897 -0.439073 0.0164583
0.898 -0.443342 0.012518
0.899 -0.448104 0.00819815
0.9 -0.452538 0.00434839
0.901 -0.454154 0.00320892
0.902 -0.447513 0.0105047
0.903 -0.451327 0.00703243
0.904 -0.453279 0.00529344
0.905 -0.452872 0.00612098
0.906 -0.447812 0.0116138
0.907 -0.450279 0.0093981
0.908 -0.450692 0.00988077
0.909 -0.457947 0.00328709
0.91 -0.457473 0.00418321
0.911 -0.461031 0.00102534
0.912 -0.462098 0.000499259
0.913 -0.462846 0.000249276
0.914 -0.46238 0.0012365
0.915 -0.463677 0.000142979
0.916 -0.461755 0.00236021
0.917 -0.461799 0.0025942
0.918 -0.463198 0.00156565
0.919 -0.463715 0.00135014
0.92 -0.465965 3.87899e-05
0.921 -0.466575 7.0408e-05
0.922 -0.467041 5.71531e-05
0.923 -0.465918 0.00164891
0.924 -0.464372 0.00363538
0.925 -0.462426 0.00599202
0.926 -0.462572 0.0066099
0.927 -0.461286 0.00866492
0.928 -0.461128 0.00934753
0.929 -0.462324 0.00865418
0.93 -0.458535 0.0129549
0.931 -0.465081 0.00681458
0.932 -0.462314 0.0101137
0.933 -0.459071 0.0137279
0.934 -0.463801 0.00927008
0.935 -0.466779 0.00650279
0.936 -0.466702 0.00695648
0.937 -0.471817 0.00236698
0.938 -0.467956 0.00674629
0.939 -0.467354 0.00783763
0.94 -0.470165 0.00523699
0.941 -0.47099 0.00493625
0.942 -0.470365 0.00590274
0.943 -0.471235 0.00555096
0.944 -0.47155 0.00558747
0.945 -0.466767 0.0109117
0.946 -0.46914 0.00871603
0.947 -0.467575 0.0106837
0.948 -0.469101 0.00988853
0.949 -0.469 0.010402
0.95 -0.471672 0.00810784
0.951 -0.476466 0.00374802
0.952 -0.475902 0.00504558
0.953 -0.479607 0.00203082
0.954 -0.479305 0.00279191
0.955 -0.479746 0.0028007
0.956 -0.480633 0.002307
0.957 -0.482574 0.000829009
0.958 -0.478073 0.00600821
0.959 -0.476593 0.00827519
0.96 -0.479057 0.00607681
0.961 -0.477611 0.00852286
0.962 -0.476064 0.0104915
0.963 -0.480403 0.00684725
0.964 -0.480878 0.00683462
0.965 -0.480457 0.00743833
0.966 -0.486185 0.00228151
0.967 -0.486102 0.0025301
0.968 -0.487203 0.00193208
0.969 -0.483964 0.00573038
0.97 -0.486404 0.00386733
0.971 -0.487358 0.00331006
0.972 -0.485367 0.00557341
0.973 -0.482624 0.00847031
0.974 -0.485899 0.00566789
0.975 -0.482885 0.00908545
0.976 -0.481844 0.0103265
0.977 -0.479178 0.0133688
0.978 -0.476362 0.0172437
0.979 -0.47337 0.0207745
0.98 -0.473756 0.0206483
0.981 -0.47668 0.0184832
0.982 -0.477767 0.0176316
0.983 -0.468194 0.0275745
0.984 -0.470107 0.0262989
0.985 -0.465979 0.0307468
0.986 -0.467914 0.0291823
0.987 -0.470695 0.0265213
0.988 -0.47435 0.0235289
0.989 -0.468025 0.0300862
0.99 -0.474236 0.0242238
0.991 -0.485171 0.0139743
0.992 -0.489827 0.00955462
0.993 -0.487553 0.0121766
0.994 -0.482012 0.0181311
0.995 -0.485419 0.015815
0.996 -0.486764 0.014715
0.997 -0.486234 0.0155369
0.998 -0.487242 0.0151653
0.999 -0.476133 0.0266349
1 -0.480608 0.0228121
1.001 -0.479044 0.0246743
1.002 -0.482355 0.0218281
1.003 -0.490468 0.0142359
1.004 -0.493033 0.0122095
1.005 -0.494051 0.0112664
1.006 -0.482902 0.0230047
1.007 -0.48662 0.0196037
1.008 -0.482954 0.0235875
1.009 -0.489862 0.0173679
1.01 -0.483251 0.0245843
1.011 -0.481755 0.0265793
1.012 -0.480762 0.0279092
1.013 -0.475399 0.0342048
1.014 -0.456258 0.0538865
1.015 -0.446453 0.0640666
1.016 -0.441123 0.0697651
1.017 -0.428607 0.0829001
1.018 -0.451378 0.0605696
1.019 -0.460518 0.0523903
1.02 -0.470305 0.0428658
1.021 -0.475138 0.0383753
1.022 -0.469073 0.0452064
1.023 -0.468846 0.0459372
1.024 -0.458938 0.0563936
1.025 -0.466817 0.0489877
1.026 -0.463383 0.0526589
1.027 -0.470823 0.0453387
1.028 -0.481917 0.0346223
1.029 -0.483521 0.0331328
1.03 -0.476407 0.0409086
1.031 -0.481905 0.0359823
1.032 -0.489713 0.0287917
1.033 -0.496075 0.0226792
1.034 -0.49594 0.0232845
1.035 -0.493596 0.026119
1.036 -0.492367 0.0280766
1.037 -0.48786 0.0330722
1.038 -0.490334 0.030749
1.039 -0.497424 0.0242944
1.04 -0.494111 0.0284227
1.041 -0.499807 0.0229592
1.042 -0.501572 0.0213893
1.043 -0.502504 0.0207316
1.044 -0.503644 0.019936
1.045 -0.500273 0.0234522
1.046 -0.508206 0.0162441
1.047 -0.504329 0.0205589
1.048 -0.506388 0.0189514
1.049 -0.506188 0.0194681
1.05 -0.498604 0.0274044
1.051 -0.502752 0.0237849
1.052 -0.502029 0.0251927
1.053 -0.496606 0.0309321
1.054 -0.493701 0.0346867
1.055 -0.488288 0.040687
1.056 -0.476347 0.0532087
1.057 -0.489279 0.0409238
1.058 -0.476111 0.0544535
1.059 -0.470452 0.0609912
1.06 -0.480514 0.0510559
1.061 -0.473121 0.0589205
1.062 -0.478949 0.0535533
1.063 -0.497504 0.0355123
1.064 -0.486981 0.0464119
1.065 -0.488571 0.0452579
1.066 -0.484814 0.0495426
1.067 -0.493608 0.0411615
1.068 -0.489518 0.0455936
1.069 -0.477919 0.0576441
1.07 -0.48813 0.0481796
1.071 -0.485801 0.0507324
1.072 -0.488732 0.048641
1.073 -0.463382 0.0746777
1.074 -0.430893 0.108172
1.075 -0.423416 0.116107
1.076 -0.407447 0.132526
1.077 -0.43996 0.101176
1.078 -0.46519 0.0766152
1.079 -0.45972 0.0827411
1.08 -0.456747 0.0860479
1.081 -0.456185 0.0867579
1.082 -0.459796 0.083342
1.083 -0.438929 0.104499
1.084 -0.438361 0.105411
1.085 -0.431386 0.112781
1.086 -0.41758 0.126876
1.087 -0.412059 0.132678
1.088 -0.421666 0.123691
1.089 -0.42404 0.121669
1.09 -0.412807 0.133104
1.091 -0.380741 0.165583
1.092 -0.361388 0.185162
1.093 -0.350276 0.196803
1.094 -0.338291 0.209461
1.095 -0.351189 0.197155
1.096 -0.346675 0.202052
1.097 -0.321905 0.227485
1.098 -0.344836 0.204905
1.099 -0.358871 0.191409
1.1 -0.362847 0.187691
1.101 -0.367108 0.183698
1.102 -0.362751 0.188337
1.103 -0.373791 0.177757
1.104 -0.356868 0.195028
1.105 -0.375204 0.177227
1.106 -0.369433 0.18342
1.107 -0.372345 0.181025
1.108 -0.341224 0.21265
1.109 -0.360305 0.194435
1.11 -0.361609 0.193292
1.111 -0.335705 0.21962
1.112 -0.352603 0.202942
1.113 -0.362801 0.193059
1.114 -0.339678 0.216612
1.115 -0.351287 0.205621
1.116 -0.337497 0.220112
1.117 -0.356029 0.202569
1.118 -0.368166 0.190643
1.119 -0.341565 0.218174
1.12 -0.338488 0.221674
1.121 -0.352131 0.208474
1.122 -0.38355 0.177309
1.123 -0.379406 0.182541
1.124 -0.372618 0.189446
1.125 -0.391528 0.170778
1.126 -0.374572 0.188341
1.127 -0.39036 0.172949
1.128 -0.415076 0.148768
1.129 -0.410433 0.15403
1.13 -0.409085 0.155976
1.131 -0.36685 0.198684
1.132 -0.341597 0.224237
1.133 -0.366254 0.199859
1.134 -0.387412 0.179548
1.135 -0.395459 0.17173
1.136 -0.421698 0.145985
1.137 -0.430849 0.137322
1.138 -0.410905 0.15773
1.139 -0.406516 0.162424
1.14 -0.375456 0.193981
1.141 -0.377853 0.19198
1.142 -0.361506 0.208638
1.143 -0.330501 0.24033
1.144 -0.305688 0.265696
1.145 -0.29192 0.279854
1.146 -0.29568 0.276935
1.147 -0.30928 0.264044
1.148 -0.306648 0.267166
1.149 -0.276909 0.297384
1.15 -0.279325 0.295215
1.151 -0.336753 0.238275
1.152 -0.347819 0.227573
1.153 -0.321601 0.254531
1.154 -0.343735 0.233004
1.155 -0.360206 0.217009
1.156 -0.372561 0.205163
1.157 -0.375127 0.202964
1.158 -0.378559 0.199741
1.159 -0.373523 0.204997
1.16 -0.399808 0.17966
1.161 -0.358497 0.221436
1.162 -0.385886 0.194557
1.163 -0.406258 0.175255
1.164 -0.43625 0.145754
1.165 -0.449544 0.133177
1.166 -0.465055 0.118366
1.167 -0.45206 0.131778
1.168 -0.419693 0.164943
1.169 -0.430511 0.154995
1.17 -0.418584 0.16749
1.171 -0.437454 0.14907
1.172 -0.45366 0.133513
1.173 -0.452918 0.134658
1.174 -0.462772 0.125505
1.175 -0.44876 0.140186
1.176 -0.469808 0.119569
1.177 -0.458045 0.131658
1.178 -0.446977 0.143217
1.179 -0.441341 0.149353
1.18 -0.441891 0.149727
1.181 -0.438402 0.153453
1.182 -0.453169 0.139041
1.183 -0.45726 0.13544
1.184 -0.450005 0.143153
1.185 -0.434315 0.159355
1.186 -0.43379 0.160328
1.187 -0.427828 0.166832
1.188 -0.418339 0.176661
1.189 -0.412024 0.183052
1.19 -0.407141 0.188413
1.191 -0.385814 0.21068
1.192 -0.379113 0.217656
1.193 -0.388802 0.208385
1.194 -0.410174 0.187527
1.195 -0.423866 0.174389
1.196 -0.400659 0.198701
1.197 -0.377856 0.222153
1.198 -0.35375 0.246921
1.199 -0.369601 0.232043
1.2 -0.339438 0.262539
1.201 -0.331856 0.270407
1.202 -0.336554 0.265897
1.203 -0.365331 0.2378
1.204 -0.349969 0.253836
1.205 -0.380614 0.223462
1.206 -0.401766 0.20274
1.207 -0.405443 0.199345
1.208 -0.421616 0.183589
1.209 -0.432769 0.173027
1.21 -0.441536 0.164528
1.211 -0.438408 0.168184
1.212 -0.442976 0.163787
1.213 -0.456845 0.150145
1.214 -0.4667 0.140656
1.215 -0.469997 0.137809
1.216 -0.457928 0.150376
1.217 -0.469063 0.139446
1.218 -0.437022 0.172585
1.219 -0.430885 0.179182
1.22 -0.445656 0.164611
1.221 -0.47395 0.136895
1.222 -0.464871 0.146472
1.223 -0.472147 0.13954
1.224 -0.479677 0.132435
1.225 -0.50426 0.10857
1.226 -0.513724 0.0999263
1.227 -0.493231 0.120908
1.228 -0.479183 0.13537
1.229 -0.486596 0.128378
1.23 -0.497489 0.117978
1.231 -0.518773 0.09712
1.232 -0.533974 0.0824661
1.233 -0.518559 0.0985618
1.234 -0.509938 0.107666
1.235 -0.497842 0.120025
1.236 -0.483562 0.134702
1.237 -0.500778 0.117918
1.238 -0.493575 0.125431
1.239 -0.485884 0.133562
1.24 -0.501304 0.118866
1.241 -0.487288 0.133499
1.242 -0.506688 0.114488
1.243 -0.482245 0.139263
1.244 -0.490868 0.131051
1.245 -0.475063 0.147341
1.246 -0.47011 0.15265
1.247 -0.481078 0.142254
1.248 -0.485564 0.138222
1.249 -0.49179 0.132295
1.25 -0.482639 0.141787
1.251 -0.468612 0.156167
1.252 -0.485262 0.139864
1.253 -0.479637 0.145789
1.254 -0.467511 0.158256
1.255 -0.451555 0.174409
1.256 -0.424706 0.201719
1.257 -0.396586 0.230093
1.258 -0.373687 0.253551
1.259 -0.384132 0.243521
1.26 -0.41902 0.209482
1.261 -0.425732 0.203157
1.262 -0.459019 0.170429
1.263 -0.429954 0.199925
1.264 -0.456098 0.174223
1.265 -0.464988 0.165972
1.266 -0.502158 0.129382
1.267 -0.481244 0.150529
1.268 -0.485223 0.146778
1.269 -0.479995 0.152706
1.27 -0.475893 0.15712
1.271 -0.48831 0.145533
1.272 -0.494238 0.140024
1.273 -0.494835 0.139688
1.274 -0.498946 0.136423
1.275 -0.510009 0.12591
1.276 -0.49817 0.138387
1.277 -0.513166 0.123596
1.278 -0.518029 0.119421
1.279 -0.509797 0.128198
1.28 -0.52948 0.109589
1.281 -0.515556 0.123913
1.282 -0.52916 0.110636
1.283 -0.52732 0.112833
1.284 -0.527801 0.112669
1.285 -0.520023 0.121209
1.286 -0.511999 0.129857
1.287 -0.51318 0.129032
1.288 -0.504914 0.13782
1.289 -0.489544 0.153508
1.29 -0.480913 0.162481
1.291 -0.465404 0.178518
1.292 -0.478062 0.166549
1.293 -0.446257 0.199238
1.294 -0.449312 0.196789
1.295 -0.465818 0.180795
1.296 -0.466398 0.180939
1.297 -0.47191 0.175892
1.298 -0.483107 0.164983
1.299 -0.4546 0.194021
1.3 -0.446211 0.20308
1.301 -0.420989 0.228596
1.302 -0.40464 0.245642
1.303 -0.437101 0.213623
1.304 -0.484197 0.167192
1.305 -0.488839 0.163098
1.306 -0.501401 0.151018
1.307 -0.540363 0.11289
1.308 -0.563521 0.0900479
1.309 -0.566999 0.0869851
1.31 -0.575099 0.0792128
1.311 -0.546228 0.108798
1.312 -0.56865 0.0871791
1.313 -0.553419 0.103025
1.314 -0.558771 0.097834
1.315 -0.563603 0.0931631
1.316 -0.567629 0.0899167
1.317 -0.56858 0.089715
1.318 -0.582538 0.076204
1.319 -0.591373 0.0678899
1.32 -0.580091 0.0797294
1.321 -0.599865 0.060757
1.322 -0.599171 0.0618177
1.323 -0.621004 0.0409509
1.324 -0.628201 0.0344369
1.325 -0.617002 0.0466719
1.326 -0.620391 0.0435571
1.327 -0.629054 0.0350847
1.328 -0.624116 0.0402738
1.329 -0.623351 0.0412063
1.33 -0.63818 0.0270122
1.331 -0.629009 0.0367714
1.332 -0.636132 0.0301346
1.333 -0.639917 0.0270057
1.334 -0.643837 0.0236377
1.335 -0.62905 0.0389125
1.336 -0.629928 0.0384115
1.337 -0.615454 0.0533562
1.338 -0.618335 0.0506409
1.339 -0.630552 0.0389217
1.34 -0.631455 0.0382144
1.341 -0.621313 0.0489155
1.342 -0.620098 0.0505508
1.343 -0.613437 0.0574881
1.344 -0.612635 0.0590146
1.345 -0.630112 0.0423225
1.346 -0.627615 0.045021
1.347 -0.635596 0.0372721
1.348 -0.625337 0.0481214
1.349 -0.636539 0.0373624
1.35 -0.636663 0.0374987
1.351 -0.650209 0.0243682
1.352 -0.64771 0.0275552
1.353 -0.650865 0.0248772
1.354 -0.659966 0.0162302
1.355 -0.66457 0.012627
1.356 -0.661506 0.0161033
1.357 -0.648664 0.0294671
1.358 -0.640815 0.0378281
1.359 -0.635985 0.0433271
1.36 -0.643224 0.0365841
1.361 -0.653991 0.0263794
1.362 -0.646245 0.0348348
1.363 -0.655044 0.0265929
1.364 -0.647182 0.0352312
1.365 -0.631913 0.0511199
1.366 -0.65233 0.0312534
1.367 -0.66682 0.0176625
1.368 -0.677047 0.00804579
1.369 -0.681039 0.00455413
1.37 -0.684059 0.00209231
1.371 -0.681317 0.00532309
1.372 -0.677312 0.0098982
1.373 -0.682651 0.00501896
1.374 -0.6851 0.00312263
1.375 -0.683074 0.00590264
1.376 -0.682668 0.00663439
1.377 -0.679472 0.010323
1.378 -0.674176 0.0159029
1.379 -0.673484 0.0173108
1.38 -0.67337 0.018039
1.381 -0.677493 0.0146507
1.382 -0.678796 0.0136458
1.383 -0.687323 0.00574847
1.384 -0.69073 0.00267058
1.385 -0.693759 9.69635e-05
1.386 -0.693692 0.000403085
1.387 -0.693833 0.00071366
1.388 -0.694848 0.000140757
1.389 -0.695468 0.000122401
1.39 -0.695469 0.000428352
1.391 -0.696239 0.000143475
1.392 -0.697057 0.000555526
1.393 -0.69841 0.000145788
1.394 -0.697709 0.00121188
1.395 -0.700244 0.000184082
1.396 -0.700841 0.000215463
1.397 -0.701072 0.000202128
1.398 -0.700919 0.000467714
1.399 -0.701313 0.000409053
1.4 -0.70203 2.81235e-06
1.401 -0.701928 0.0010151
1.402 -0.702532 0.000810204
1.403 -0.703219 0.00073356
1.404 -0.702848 0.00157337
1.405 -0.704519 0.000183849
1.406 -0.704998 0.000288331
1.407 -0.705599 1.27684e-05
1.408 -0.705983 1.18453e-05
1.409 -0.706416 4.07736e-05
1.41 -0.706458 0.000210165
1.411 -0.70766 8.59245e-05
1.412 -0.707112 0.00123567
1.413 -0.705533 0.00376437
1.414 -0.706096 0.00375242
1.415 -0.705805 0.00474182
1.416 -0.709213 0.00175159
1.417 -0.711327 0.000140142
1.418 -0.711949 0.000554838
1.419 -0.712044 0.000868998
1.42 -0.712546 0.000616692
1.421 -0.711565 0.00200685
1.422 -0.713837 0.000123144
1.423 -0.713693 0.00079978
1.424 -0.713001 0.0016932
1.425 -0.712732 0.00231979
1.426 -0.706158 0.0096028
1.427 -0.704151 0.0117941
1.428 -0.704972 0.0115685
1.429 -0.706781 0.0103102
1.43 -0.707043 0.0106889
1.431 -0.712373 0.00573989
1.432 -0.709159 0.00918035
1.433 -0.715744 0.00368385
1.434 -0.717967 0.00184223
1.435 -0.718614 0.00173536
1.436 -0.716573 0.00418239
1.437 -0.718857 0.00239099
1.438 -0.713419 0.00851983
1.439 -0.71157 0.0107081
1.44 -0.711566 0.0110572
1.441 -0.712434 0.0105774
1.442 -0.717725 0.00574709
1.443 -0.718902 0.00495664
1.444 -0.719775 0.00468256
1.445 -0.716579 0.00826752
1.446 -0.718095 0.00714039
1.447 -0.718661 0.00719173
1.448 -0.720847 0.00535702
1.449 -0.725067 0.00169056
1.45 -0.724492 0.00293136
1.451 -0.723601 0.00405594
1.452 -0.723452 0.00449585
1.453 -0.716281 0.0120451
1.454 -0.721724 0.00704248
1.455 -0.719247 0.00984948
1.456 -0.722032 0.00765424
1.457 -0.726203 0.0041234
1.458 -0.728935 0.00166821
1.459 -0.73122 0.000124497
1.46 -0.731612 0.000436113
1.461 -0.732925 3.33708e-05
1.462 -0.730876 0.00278006
1.463 -0.727056 0.0076963
1.464 -0.73052 0.00442504
1.465 -0.726664 0.0092617
1.466 -0.733491 0.00377441
1.467 -0.730651 0.00710411
1.468 -0.731303 0.00688114
1.469 -0.729788 0.00871789
1.47 -0.732682 0.00634355
1.471 -0.728263 0.0112014
1.472 -0.732493 0.00773177
1.473 -0.727293 0.0134915
1.474 -0.735363 0.00607636
1.475 -0.734917 0.00703162
1.476 -0.734794 0.00748907
1.477 -0.737654 0.00558355
1.478 -0.73729 0.00626577
1.479 -0.735138 0.00857147
1.48 -0.737504 0.00655642
1.481 -0.741092 0.00330224
1.482 -0.742382 0.00254218
1.483 -0.738059 0.00741842
1.484 -0.737784 0.00790605
1.485 -0.732837 0.0131216
1.486 -0.738851 0.00750988
1.487 -0.734657 0.0119998
1.488 -0.729867 0.0169596
1.489 -0.722544 0.0246404
1.49 -0.732224 0.0154247
1.491 -0.731866 0.0161504
1.492 -0.728509 0.0205911
1.493 -0.733445 0.0161129
1.494 -0.728435 0.0218015
1.495 -0.72909 0.0214438
1.496 -0.725763 0.0250512
1.497 -0.715572 0.0356598
1.498 -0.713871 0.0376504
1.499 -0.712097 0.0402994
1.5 -0.703469 0.0493142
1.501 -0.709049 0.0440229
1.502 -0.700165 0.0532975
1.503 -0.695767 0.0580066
1.504 -0.704613 0.0497906
1.505 -0.713798 0.0409568
1.506 -0.723412 0.0319652
1.507 -0.715201 0.0404239
1.508 -0.720422 0.0359322
1.509 -0.737017 0.0201553
1.51 -0.734044 0.0234614
1.511 -0.73074 0.0273534
1.512 -0.7308 0.0278036
1.513 -0.733483 0.0253536
1.514 -0.729835 0.0293988
1.515 -0.737905 0.0218151
1.516 -0.740746 0.0192717
1.517 -0.75185 0.00942041
1.518 -0.744436 0.0174256
1.519 -0.748503 0.0137194
1.52 -0.748531 0.0142617
1.521 -0.738002 0.025384
1.522 -0.728688 0.035066
1.523 -0.7289 0.0350511
1.524 -0.716017 0.0486156
1.525 -0.715698 0.0492259
1.526 -0.716335 0.0489213
1.527 -0.701188 0.0646394
1.528 -0.717942 0.0486992
1.529 -0.711945 0.0553015
1.53 -0.730085 0.0377833
1.531 -0.741681 0.0271438
1.532 -0.74589 0.0234363
1.533 -0.741954 0.0279368
1.534 -0.755521 0.0150529
1.535 -0.755228 0.0159234
1.536 -0.762566 0.00879544
1.537 -0.7674 0.00455873
1.538 -0.766966 0.00557601
1.539 -0.767528 0.00552537
1.54 -0.76808 0.00528202
1.541 -0.764959 0.00876065
1.542 -0.766301 0.0076171
1.543 -0.764173 0.0100196
1.544 -0.763314 0.0113429
1.545 -0.761605 0.0135277
1.546 -0.752673 0.0228866
1.547 -0.751194 0.0247814
1.548 -0.747786 0.0287522
1.549 -0.749906 0.0272997
1.55 -0.750278 0.027518
1.551 -0.740314 0.0378703
1.552 -0.727982 0.0507381
1.553 -0.7417 0.0375273
1.554 -0.73357 0.0463176
1.555 -0.750793 0.0295008
1.556 -0.765457 0.0161476
1.557 -0.775344 0.00755167
1.558 -0.774274 0.00912018
1.559 -0.779029 0.00481745
1.56 -0.780631 0.00400082
1.561 -0.778817 0.00630165
1.562 -0.77483 0.010824
1.563 -0.773853 0.0123847
1.564 -0.776957 0.010015
1.565 -0.780199 0.0071923
1.566 -0.782187 0.00537001
1.567 -0.778524 0.00959715
1.568 -0.785724 0.00276219
1.569 -0.782759 0.00618662
1.57 -0.784734 0.0045208
1.571 -0.788208 0.00149705
1.572 -0.787466 0.00259764
1.573 -0.789781 0.00086572
1.574 -0.791607 0.000171487
1.575 -0.791251 0.000950269
1.576 -0.790082 0.00233463
1.577 -0.788619 0.00409746
1.578 -0.789355 0.00387614
1.579 -0.792669 0.000902599
1.58 -0.793797 0.000356576
1.581 -0.794498 3.52439e-05
1.582 -0.794944 0.000339973
1.583 -0.795469 0.000518607
1.584 -0.794585 0.00191591
1.585 -0.786773 0.0112588
1.586 -0.786036 0.0128477
1.587 -0.784931 0.0145064
1.588 -0.787368 0.0123419
1.589 -0.781303 0.0189528
1.59 -0.784622 0.0162115
1.591 -0.780257 0.0209697
1.592 -0.789439 0.0120816
1.593 -0.787833 0.0140185
1.594 -0.791314 0.0109092
1.595 -0.784128 0.0186067
1.596 -0.779642 0.0233478
1.597 -0.780713 0.0227353
1.598 -0.771214 0.0331273
1.599 -0.779777 0.0250319
1.6 -0.775819 0.0292323
1.601 -0.771595 0.0337682
1.602 -0.767816 0.038038
1.603 -0.755817 0.050727
1.604 -0.75508 0.0517702
1.605 -0.762566 0.04467
1.606 -0.767052 0.0404934
1.607 -0.763977 0.0443129
1.608 -0.771316 0.0372958
1.609 -0.778122 0.0310305
1.61 -0.769301 0.040512
1.611 -0.754678 0.0556111
1.612 -0.742149 0.0685816
1.613 -0.720674 0.0906546
1.614 -0.74383 0.0679326
1.615 -0.743481 0.0688205
1.616 -0.738271 0.0743263
1.617 -0.754142 0.0591993
1.618 -0.761216 0.0525935
1.619 -0.757122 0.0568261
1.62 -0.766915 0.0474948
1.621 -0.750924 0.0643094
1.622 -0.743462 0.072484
1.623 -0.726648 0.0895982
1.624 -0.732173 0.084526
1.625 -0.725216 0.0922847
1.626 -0.746871 0.0714201
1.627 -0.732618 0.0860268
1.628 -0.733418 0.0856124
1.629 -0.73675 0.0826759
1.63 -0.747442 0.072506
1.631 -0.757835 0.0627793
1.632 -0.762808 0.0584118
1.633 -0.755539 0.0659918
1.634 -0.768707 0.0534646
1.635 -0.759693 0.0627214
1.636 -0.781197 0.0419928
1.637 -0.794293 0.0294913
1.638 -0.792296 0.031862
1.639 -0.801481 0.0230654
1.64 -0.796681 0.0282653
1.641 -0.787295 0.0380068
1.642 -0.79469 0.0314108
1.643 -0.801378 0.0252496
1.644 -0.800881 0.0261754
1.645 -0.804102 0.0237362
1.646 -0.7963 0.032076
1.647 -0.799087 0.029583
1.648 -0.779455 0.0499211
1.649 -0.780334 0.0495003
1.65 -0.7698 0.060359
1.651 -0.766194 0.0642236
1.652 -0.765297 0.0654703
1.653 -0.772134 0.0591706
1.654 -0.776814 0.0552745
1.655 -0.771603 0.061136
1.656 -0.775188 0.0581634
1.657 -0.775978 0.0578009
1.658 -0.758635 0.0761371
1.659 -0.765903 0.0697421
1.66 -0.777042 0.0591059
1.661 -0.780478 0.0560883
1.662 -0.77095 0.0664694
1.663 -0.773047 0.0648447
1.664 -0.766928 0.0713923
1.665 -0.753466 0.0852094
1.666 -0.742832 0.0964623
1.667 -0.742279 0.0972053
1.668 -0.761729 0.0779936
1.669 -0.761812 0.0785191
1.67 -0.750344 0.0901665
1.671 -0.741116 0.0999128
1.672 -0.747896 0.0933782
1.673 -0.759943 0.0816618
1.674 -0.77127 0.0706835
1.675 -0.764904 0.0773953
1.676 -0.750022 0.0928027
1.677 -0.754886 0.0882037
1.678 -0.770289 0.0734156
1.679 -0.765242 0.0788071
1.68 -0.761745 0.0827404
1.681 -0.745683 0.0995998
1.682 -0.748136 0.0976621
1.683 -0.756943 0.0895188
1.684 -0.745425 0.101426
1.685 -0.748962 0.0983404
1.686 -0.73567 0.111901
1.687 -0.722134 0.125942
1.688 -0.748427 0.100486
1.689 -0.756047 0.0933733
1.69 -0.726531 0.123308
1.691 -0.701064 0.149387
1.692 -0.724386 0.12631
1.693 -0.709513 0.141449
1.694 -0.704095 0.147468
1.695 -0.712537 0.139206
1.696 -0.682069 0.170412
1.697 -0.704723 0.148189
1.698 -0.715191 0.137998
1.699 -0.73697 0.116745
1.7 -0.709127 0.145192
1.701 -0.710606 0.144073
1.702 -0.710043 0.144801
1.703 -0.700987 0.153969
1.704 -0.711988 0.143218
1.705 -0.719291 0.13602
1.706 -0.707922 0.148064
1.707 -0.721068 0.135321
1.708 -0.700494 0.1561
1.709 -0.71078 0.146634
1.71 -0.727268 0.130741
1.711 -0.73301 0.125883
1.712 -0.746314 0.112853
1.713 -0.767262 0.092516
1.714 -0.749807 0.110327
1.715 -0.7249 0.135839
1.716 -0.718391 0.142869
1.717 -0.707954 0.153979
1.718 -0.726105 0.136575
1.719 -0.734943 0.128316
1.72 -0.719008 0.144576
1.721 -0.723186 0.140755
1.722 -0.701601 0.162921
1.723 -0.677414 0.187538
1.724 -0.670461 0.195108
1.725 -0.665644 0.200211
1.726 -0.671271 0.194892
1.727 -0.630223 0.23634
1.728 -0.633209 0.233699
1.729 -0.646362 0.220858
1.73 -0.608121 0.259754
1.731 -0.613015 0.255498
1.732 -0.591234 0.277936
1.733 -0.536159 0.333896
1.734 -0.533038 0.337495
1.735 -0.523921 0.346894
1.736 -0.555149 0.316428
1.737 -0.570524 0.301564
1.738 -0.57126 0.301279
1.739 -0.539171 0.33463
1.74 -0.557676 0.316383
1.741 -0.563252 0.311271
1.742 -0.619465 0.255675
1.743 -0.599168 0.27639
1.744 -0.582255 0.294404
1.745 -0.596262 0.280766
1.746 -0.603671 0.273851
1.747 -0.640994 0.236919
1.748 -0.652754 0.225904
1.749 -0.654438 0.22451
1.75 -0.67238 0.206939
1.751 -0.632111 0.247624
1.752 -0.6016 0.278484
1.753 -0.581259 0.299411
1.754 -0.558844 0.322095
1.755 -0.557293 0.324301
1.756 -0.562886 0.319089
1.757 -0.53083 0.352116
1.758 -0.539896 0.343489
1.759 -0.503688 0.380102
1.76 -0.53658 0.347799
1.761 -0.580224 0.30471
1.762 -0.544012 0.341713
1.763 -0.49954 0.387193
1.764 -0.512562 0.374749
1.765 -0.47278 0.41479
1.766 -0.436307 0.451739
1.767 -0.424506 0.46406
1.768 -0.416063 0.472859
1.769 -0.4418 0.447731
1.77 -0.45865 0.431262
1.771 -0.421803 0.468436
1.772 -0.381892 0.508714
1.773 -0.376237 0.514975
1.774 -0.380501 0.511364
1.775 -0.36474 0.528253
1.776 -0.380357 0.513148
1.777 -0.367023 0.526808
1.778 -0.369655 0.524609
1.779 -0.405051 0.489631
1.78 -0.411688 0.483682
1.781 -0.425248 0.47033
1.782 -0.423836 0.472103
1.783 -0.446998 0.449565
1.784 -0.456669 0.440121
1.785 -0.486777 0.410539
1.786 -0.4817 0.41628
1.787 -0.536171 0.362139
1.788 -0.566562 0.332515
1.789 -0.553851 0.345643
1.79 -0.595624 0.304756
1.791 -0.596422 0.304165
1.792 -0.593064 0.308012
1.793 -0.611182 0.290486
1.794 -0.590155 0.311859
1.795 -0.585593 0.316824
1.796 -0.582832 0.320157
1.797 -0.616565 0.286884
1.798 -0.584915 0.319105
1.799 -0.54665 0.357724
1.8 -0.535029 0.369772
1.801 -0.54948 0.355729
1.802 -0.556547 0.34927
1.803 -0.542604 0.363556
1.804 -0.55061 0.356081
1.805 -0.598878 0.308523
1.806 -0.5735 0.334243
1.807 -0.55023 0.357718
1.808 -0.56516 0.343088
1.809 -0.572022 0.336441
1.81 -0.57721 0.331566
1.811 -0.591167 0.318039
1.812 -0.590775 0.319389
1.813 -0.569443 0.34108
1.814 -0.546088 0.36528
1.815 -0.464465 0.447721
1.816 -0.474501 0.438077
1.817 -0.502275 0.411224
1.818 -0.448974 0.465062
1.819 -0.449857 0.4644
1.82 -0.464998 0.449461
1.821 -0.44627 0.468518
1.822 -0.480362 0.435553
1.823 -0.446101 0.470108
1.824 -0.434646 0.482174
1.825 -0.483442 0.433645
1.826 -0.447576 0.470011
1.827 -0.470783 0.447502
1.828 -0.495278 0.423573
1.829 -0.483586 0.436064
1.83 -0.472281 0.447562
1.831 -0.493949 0.42615
1.832 -0.473994 0.446697
1.833 -0.455091 0.465812
1.834 -0.445207 0.47627
1.835 -0.435169 0.48691
1.836 -0.393039 0.529663
1.837 -0.346149 0.577166
1.838 -0.395742 0.528354
1.839 -0.41855 0.505712
1.84 -0.406728 0.517906
1.841 -0.47549 0.450169
1.842 -0.429436 0.49709
1.843 -0.435202 0.491478
1.844 -0.419252 0.507785
1.845 -0.421895 0.505723
1.846 -0.386531 0.541588
1.847 -0.37044 0.55789
1.848 -0.379336 0.549514
1.849 -0.344871 0.584558
1.85 -0.362658 0.567192
1.851 -0.37972 0.550641
1.852 -0.34675 0.583723
1.853 -0.411968 0.519051
1.854 -0.415471 0.516007
1.855 -0.401555 0.530466
1.856 -0.345787 0.586812
1.857 -0.383614 0.549352
1.858 -0.374117 0.559279
1.859 -0.364694 0.569237
1.86 -0.381645 0.552841
1.861 -0.382892 0.552196
1.862 -0.392948 0.542541
1.863 -0.447177 0.489236
1.864 -0.449001 0.487718
1.865 -0.426753 0.510077
1.866 -0.417239 0.520202
1.867 -0.456047 0.481966
1.868 -0.474586 0.463805
1.869 -0.464816 0.473669
1.87 -0.488628 0.450185
1.871 -0.490927 0.448803
1.872 -0.481205 0.459082
1.873 -0.518568 0.422374
1.874 -0.543482 0.398155
1.875 -0.520988 0.421072
1.876 -0.535444 0.407031
1.877 -0.549328 0.393462
1.878 -0.572593 0.370424
1.879 -0.540777 0.402683
1.88 -0.502955 0.441157
1.881 -0.483905 0.46072
1.882 -0.435758 0.509639
1.883 -0.423889 0.522297
1.884 -0.472329 0.474326
1.885 -0.467867 0.479121
1.886 -0.435927 0.512428
1.887 -0.427802 0.520872
1.888 -0.425194 0.523886
1.889 -0.487686 0.462182
1.89 -0.47215 0.478113
1.891 -0.502595 0.448036
1.892 -0.553094 0.398176
1.893 -0.619149 0.332636
1.894 -0.600447 0.35159
1.895 -0.617065 0.335106
1.896 -0.633379 0.319003
1.897 -0.657087 0.295701
1.898 -0.619369 0.333935
1.899 -0.636762 0.316898
1.9 -0.616928 0.337038
1.901 -0.573942 0.380488
1.902 -0.613959 0.340949
1.903 -0.616811 0.338199
1.904 -0.574473 0.381538
1.905 -0.552181 0.404268
1.906 -0.520016 0.437014
1.907 -0.513386 0.443902
1.908 -0.52399 0.43372
1.909 -0.55906 0.399223
1.91 -0.567361 0.3916
1.911 -0.556598 0.402968
1.912 -0.566771 0.392922
1.913 -0.596147 0.363917
1.914 -0.637465 0.323595
1.915 -0.61909 0.342699
1.916 -0.64366 0.318873
1.917 -0.664566 0.298462
1.918 -0.646796 0.316677
1.919 -0.616602 0.34758
1.92 -0.557335 0.407507
1.921 -0.557329 0.407627
1.922 -0.549717 0.415918
1.923 -0.544561 0.421277
1.924 -0.516105 0.450512
1.925 -0.499994 0.467148
1.926 -0.510553 0.457053
1.927 -0.543121 0.424739
1.928 -0.535265 0.433371
1.929 -0.485556 0.48338
1.93 -0.528413 0.441017
1.931 -0.478652 0.491216
1.932 -0.496061 0.474109
1.933 -0.455099 0.515715
1.934 -0.459424 0.511825
1.935 -0.450521 0.521085
1.936 -0.479511 0.492499
1.937 -0.459712 0.512742
1.938 -0.427647 0.545455
1.939 -0.425585 0.548238
1.94 -0.405509 0.569131
1.941 -0.455743 0.519379
1.942 -0.4787 0.496657
1.943 -0.513809 0.462012
1.944 -0.489638 0.486888
1.945 -0.459688 0.517268
1.946 -0.447485 0.529861
1.947 -0.388917 0.588847
1.948 -0.411721 0.56633
1.949 -0.469427 0.509245
1.95 -0.413076 0.566462
1.951 -0.423474 0.556431
1.952 -0.471383 0.508933
1.953 -0.407289 0.573683
1.954 -0.43265 0.548858
1.955 -0.396009 0.585972
1.956 -0.469518 0.513206
1.957 -0.500929 0.482177
1.958 -0.470391 0.51292
1.959 -0.436183 0.548049
1.96 -0.424767 0.559781
1.961 -0.457351 0.527335
1.962 -0.452032 0.532913
1.963 -0.415451 0.570074
1.964 -0.36748 0.618438
1.965 -0.402674 0.583869
1.966 -0.428253 0.55869
1.967 -0.411479 0.575922
1.968 -0.462761 0.526005
1.969 -0.462299 0.526792
1.97 -0.477671 0.511525
1.971 -0.460988 0.528339
1.972 -0.450544 0.5394
1.973 -0.423311 0.566921
1.974 -0.424626 0.56628
1.975 -0.454037 0.537191
1.976 -0.443457 0.548178
1.977 -0.346671 0.645564
1.978 -0.363228 0.629308
1.979 -0.372026 0.621282
1.98 -0.351205 0.64228
1.981 -0.300386 0.693472
1.982 -0.218554 0.776103
1.983 -0.251281 0.743662
1.984 -0.210245 0.785378
1.985 -0.201616 0.794572
1.986 -0.282795 0.714335
1.987 -0.257996 0.739784
1.988 -0.229541 0.768596
1.989 -0.227669 0.770829
1.99 -0.242128 0.7569
1.991 -0.299502 0.699989
1.992 -0.334791 0.665339
1.993 -0.358346 0.642481
1.994 -0.364772 0.636683
1.995 -0.329185 0.672533
1.996 -0.378907 0.623543
1.997 -0.390166 0.612929
1.998 -0.415992 0.58745
1.999 -0.418127 0.585745
2 -0.354893 0.64958
2.001 -0.359919 0.645316
2.002 -0.382135 0.623644
2.003 -0.347433 0.658964
2.004 -0.333533 0.673299
2.005 -0.406141 0.601414
2.006 -0.437661 0.57077
2.007 -0.473536 0.535338
2.008 -0.459906 0.54923
2.009 -0.473428 0.536507
2.01 -0.470882 0.539676
2.011 -0.470993 0.540066
2.012 -0.517589 0.493846
2.013 -0.414082 0.598532
2.014 -0.3802 0.632793
2.015 -0.433539 0.580134
2.016 -0.443023 0.571213
2.017 -0.457274 0.557096
2.018 -0.435866 0.578772
2.019 -0.422181 0.592838
2.02 -0.44997 0.565754
2.021 -0.479771 0.536573
2.022 -0.448106 0.568602
2.023 -0.427635 0.589309
2.024 -0.458748 0.559059
2.025 -0.530234 0.488085
2.026 -0.485198 0.533564
2.027 -0.529404 0.490041
2.028 -0.551913 0.467813
2.029 -0.575421 0.444928
2.03 -0.534952 0.485855
2.031 -0.548039 0.473266
2.032 -0.569756 0.452096
2.033 -0.573256 0.449025
2.034 -0.562201 0.460659
2.035 -0.57706 0.446415
2.036 -0.553822 0.470283
2.037 -0.552104 0.472584
2.038 -0.525014 0.500139
2.039 -0.576774 0.449031
2.04 -0.540099 0.486411
2.041 -0.544077 0.48298
2.042 -0.57067 0.45678
2.043 -0.550534 0.477419
2.044 -0.606416 0.421967
2.045 -0.631869 0.397183
2.046 -0.645385 0.383999
2.047 -0.674386 0.355485
2.048 -0.693637 0.336759
2.049 -0.702185 0.328462
2.05 -0.703024 0.328195
2.051 -0.700559 0.331235
2.052 -0.705017 0.32717
2.053 -0.695451 0.337638
2.054 -0.713691 0.3198
2.055 -0.699662 0.333942
2.056 -0.698133 0.335511
2.057 -0.685935 0.348143
2.058 -0.682126 0.352591
2.059 -0.697087 0.338333
2.06 -0.705304 0.330604
2.061 -0.738253 0.298029
2.062 -0.761384 0.275196
2.063 -0.78622 0.250958
2.064 -0.74555 0.292236
2.065 -0.725462 0.312628
2.066 -0.69212 0.346716
2.067 -0.690395 0.348925
2.068 -0.647572 0.392206
2.069 -0.640686 0.399439
2.07 -0.655895 0.38464
2.071 -0.690375 0.350683
2.072 -0.738344 0.303473
2.073 -0.699785 0.342762
2.074 -0.692853 0.350164
2.075 -0.712121 0.331378
2.076 -0.735921 0.308251
2.077 -0.730158 0.314171
2.078 -0.737754 0.307768
2.079 -0.748448 0.297329
2.08 -0.775784 0.270432
2.081 -0.776957 0.270035
2.082 -0.782411 0.265795
2.083 -0.798776 0.249656
2.084 -0.809718 0.23902
2.085 -0.776856 0.272386
2.086 -0.786574 0.26298
2.087 -0.801871 0.247986
2.088 -0.795516 0.254731
2.089 -0.79164 0.259149
2.09 -0.823893 0.227705
2.091 -0.825896 0.225876
2.092 -0.846851 0.20506
2.093 -0.84121 0.210981
2.094 -0.83947 0.21355
2.095 -0.821417 0.23197
2.096 -0.798035 0.255778
2.097 -0.77713 0.276878
2.098 -0.80147 0.253165
2.099 -0.766628 0.28858
2.1 -0.776542 0.279253
2.101 -0.745221 0.311222
2.102 -0.710173 0.346629
2.103 -0.733216 0.324138
2.104 -0.717175 0.340584
2.105 -0.755757 0.30227
2.106 -0.757907 0.301012
2.107 -0.734963 0.324474
2.108 -0.679016 0.381221
2.109 -0.666145 0.394737
2.11 -0.652927 0.408792
2.111 -0.644687 0.417506
2.112 -0.648056 0.414856
2.113 -0.657013 0.406292
2.114 -0.672971 0.390514
2.115 -0.699676 0.364383
2.116 -0.70848 0.355851
2.117 -0.719286 0.345751
2.118 -0.698248 0.367112
2.119 -0.647402 0.418465
2.12 -0.639235 0.427104
2.121 -0.676581 0.390456
2.122 -0.664588 0.403025
2.123 -0.694472 0.373445
2.124 -0.680539 0.387614
2.125 -0.714129 0.354228
2.126 -0.719281 0.349491
2.127 -0.709945 0.359334
2.128 -0.700688 0.36868
2.129 -0.708185 0.361481
2.13 -0.700611 0.369511
2.131 -0.710918 0.359726
2.132 -0.709045 0.362074
2.133 -0.757124 0.314449
2.134 -0.740787 0.331801
2.135 -0.727286 0.346011
2.136 -0.734138 0.339448
2.137 -0.723606 0.350488
2.138 -0.692284 0.382367
2.139 -0.654726 0.42049
2.14 -0.68033 0.396011
2.141 -0.669858 0.406712
2.142 -0.664446 0.412976
2.143 -0.678773 0.399306
2.144 -0.688579 0.39015
2.145 -0.647224 0.431961
2.146 -0.6699 0.409638
2.147 -0.716633 0.363314
2.148 -0.709598 0.37084
2.149 -0.736583 0.344293
2.15 -0.711011 0.370283
2.151 -0.681834 0.39972
2.152 -0.68345 0.398437
2.153 -0.66212 0.420158
2.154 -0.687063 0.395717
2.155 -0.684812 0.398351
2.156 -0.699328 0.384175
2.157 -0.731621 0.352573
2.158 -0.737286 0.347206
2.159 -0.710195 0.374807
2.16 -0.712829 0.372729
2.161 -0.685017 0.40084
2.162 -0.677486 0.408773
2.163 -0.641047 0.446188
2.164 -0.654961 0.432705
2.165 -0.587842 0.500548
2.166 -0.628911 0.459793
2.167 -0.6536 0.435471
2.168 -0.632381 0.457112
2.169 -0.68715 0.402958
2.17 -0.659871 0.431354
2.171 -0.639555 0.452212
2.172 -0.631355 0.460949
2.173 -0.620688 0.471951
2.174 -0.58865 0.504566
2.175 -0.569494 0.524223
2.176 -0.55402 0.540212
2.177 -0.593546 0.501016
2.178 -0.582144 0.512868
2.179 -0.598758 0.496607
2.18 -0.621989 0.473869
2.181 -0.641923 0.454386
2.182 -0.625544 0.471009
2.183 -0.627798 0.469121
2.184 -0.620285 0.477218
2.185 -0.63571 0.462099
2.186 -0.62456 0.473707
2.187 -0.619968 0.479191
2.188 -0.602391 0.497198
2.189 -0.531404 0.568522
2.19 -0.572303 0.528016
2.191 -0.515893 0.584821
2.192 -0.492088 0.608835
2.193 -0.462287 0.638989
2.194 -0.411047 0.690701
2.195 -0.429783 0.672334
2.196 -0.461143 0.641311
2.197 -0.474116 0.628507
2.198 -0.492418 0.61057
2.199 -0.400915 0.702662
2.2 -0.432303 0.671684
2.201 -0.440672 0.663683
2.202 -0.474142 0.630798
2.203 -0.509354 0.596236
2.204 -0.482668 0.623348
2.205 -0.482351 0.624072
2.206 -0.483651 0.623235
2.207 -0.47747 0.629935
2.208 -0.465788 0.642026
2.209 -0.497895 0.610356
2.21 -0.443169 0.665636
2.211 -0.491444 0.617834
2.212 -0.513568 0.596003
2.213 -0.468843 0.641069
2.214 -0.476901 0.633406
2.215 -0.513372 0.597477
2.216 -0.547225 0.564264
2.217 -0.517496 0.594643
2.218 -0.572999 0.539499
2.219 -0.604286 0.508624
2.22 -0.632628 0.480578
2.221 -0.642092 0.471298
2.222 -0.615387 0.498618
2.223 -0.602251 0.5127
2.224 -0.655162 0.46004
2.225 -0.67536 0.440417
2.226 -0.728011 0.388362
2.227 -0.783373 0.333492
2.228 -0.812883 0.304355
2.229 -0.803402 0.314346
2.23 -0.838883 0.27935
2.231 -0.866073 0.25269
2.232 -0.862081 0.256916
2.233 -0.853846 0.265871
2.234 -0.881527 0.238736
2.235 -0.86965 0.250884
2.236 -0.883261 0.238269
2.237 -0.926795 0.195094
2.238 -0.940728 0.181466
2.239 -0.966219 0.15666
2.24 -1.00004 0.123503
2.241 -0.993334 0.130732
2.242 -0.976988 0.147585
2.243 -0.973807 0.15115
2.244 -0.983463 0.142125
2.245 -0.982806 0.143256
2.246 -0.983735 0.142935
2.247 -0.981684 0.145468
2.248 -1.01685 0.110963
2.249 -1.02092 0.107397
2.25 -1.04148 0.0878581
2.251 -1.03074 0.0990188
2.252 -1.01636 0.113993
2.253 -1.00529 0.125592
2.254 -0.986568 0.145328
2.255 -0.992371 0.139743
2.256 -0.990163 0.142165
2.257 -0.975233 0.157814
2.258 -0.964033 0.169484
2.259 -0.933348 0.200613
2.26 -0.899068 0.235445
2.261 -0.909645 0.225267
2.262 -0.919534 0.215973
2.263 -0.942897 0.192951
2.264 -0.937832 0.198347
2.265 -0.97149 0.165533
2.266 -0.984092 0.153341
2.267 -0.9999 0.138327
2.268 -1.03472 0.10421
2.269 -1.05309 0.0861397
2.27 -1.03916 0.100541
2.271 -1.02771 0.112436
2.272 -1.02789 0.112661
2.273 -1.03884 0.102213
2.274 -1.03905 0.102395
2.275 -1.04346 0.0982255
2.276 -1.05285 0.0895699
2.277 -1.0714 0.0716884
2.278 -1.0518 0.0916682
2.279 -1.04579 0.0984501
2.28 -1.03001 0.114979
2.281 -1.02528 0.120287
2.282 -1.04323 0.103077
2.283 -1.03589 0.111055
2.284 -1.04186 0.10609
2.285 -1.03113 0.117345
2.286 -1.02162 0.127205
2.287 -1.01608 0.132935
2.288 -1.00278 0.146525
2.289 -0.990058 0.15978
2.29 -0.972935 0.177524
2.291 -0.955566 0.195732
2.292 -0.962246 0.189584
2.293 -0.977517 0.174532
2.294 -1.01023 0.142364
2.295 -0.993009 0.159977
2.296 -1.02421 0.129389
2.297 -1.02245 0.131327
2.298 -1.00559 0.148645
2.299 -1.01764 0.1368
2.3 -0.995838 0.159002
2.301 -0.988429 0.167079
2.302 -0.993902 0.162085
2.303 -1.01996 0.13661
2.304 -1.01251 0.144706
2.305 -1.0172 0.140338
2.306 -1.02572 0.132129
2.307 -1.03724 0.120994
2.308 -1.0613 0.0975071
2.309 -1.05522 0.103992
2.31 -1.06283 0.0969718
2.311 -1.0613 0.0990341
2.312 -1.05541 0.105218
2.313 -1.08307 0.078314
2.314 -1.08753 0.0746109
2.315 -1.08132 0.0814877
2.316 -1.08969 0.0735329
2.317 -1.07261 0.091047
2.318 -1.07159 0.0923745
2.319 -1.06492 0.0998891
2.32 -1.07128 0.0938738
2.321 -1.07892 0.087316
2.322 -1.06443 0.102346
2.323 -1.08262 0.0847185
2.324 -1.07316 0.095028
2.325 -1.084 0.0845233
2.326 -1.08206 0.086779
2.327 -1.06485 0.104701
2.328 -1.08124 0.0887697
2.329 -1.08086 0.0898328
2.33 -1.06937 0.101835
2.331 -1.06892 0.102992
2.332 -1.08628 0.086025
2.333 -1.07479 0.098226
2.334 -1.08076 0.0926817
2.335 -1.08787 0.0857334
2.336 -1.05776 0.117126
2.337 -1.074 0.101642
2.338 -1.05175 0.124166
2.339 -1.06362 0.112662
2.34 -1.06448 0.112265
2.341 -1.06637 0.110554
2.342 -1.07983 0.0974485
2.343 -1.05086 0.126954
2.344 -1.03468 0.14372
2.345 -1.00589 0.172952
2.346 -0.99329 0.185911
2.347 -0.970037 0.209695
2.348 -0.951932 0.228208
2.349 -0.908349 0.272197
2.35 -0.925297 0.255754
2.351 -0.91365 0.267701
2.352 -0.872292 0.30945
2.353 -0.885948 0.296203
2.354 -0.910768 0.271932
2.355 -0.944634 0.238416
2.356 -0.960677 0.222776
2.357 -0.986835 0.197016
2.358 -1.00995 0.17404
2.359 -0.998597 0.18574
2.36 -0.990778 0.193878
2.361 -0.9713 0.213831
2.362 -0.984127 0.201548
2.363 -1.00126 0.18484
2.364 -0.999456 0.186791
2.365 -0.982694 0.203752
2.366 -0.975891 0.210805
2.367 -0.997651 0.189467
2.368 -1.0217 0.165795
2.369 -0.998572 0.189658
2.37 -0.988717 0.1999
2.371 -0.985934 0.203136
2.372 -1.0041 0.185428
2.373 -0.990037 0.199656
2.374 -1.01346 0.176674
2.375 -1.00566 0.185062
2.376 -1.01254 0.178469
2.377 -1.05143 0.139991
2.378 -1.04615 0.145393
2.379 -1.05483 0.137052
2.38 -1.07193 0.12028
2.381 -1.08792 0.104732
2.382 -1.10157 0.0919985
2.383 -1.0794 0.114628
2.384 -1.06408 0.130149
2.385 -1.06675 0.128047
2.386 -1.0576 0.137708
2.387 -1.06491 0.130647
2.388 -1.04697 0.149245
2.389 -1.06703 0.129775
2.39 -1.07891 0.118157
2.391 -1.08106 0.116485
2.392 -1.11119 0.0869894
2.393 -1.11346 0.084968
2.394 -1.13373 0.0650677
2.395 -1.12765 0.0717749
2.396 -1.12879 0.0714291
2.397 -1.137 0.0633836
2.398 -1.11938 0.0813788
2.399 -1.1292 0.0718578
2.4 -1.10062 0.100802
2.401 -1.08455 0.1174
2.402 -1.08091 0.121191
2.403 -1.06212 0.140416
2.404 -1.09282 0.110271
2.405 -1.09714 0.106305
2.406 -1.0881 0.115527
2.407 -1.07232 0.132338
2.408 -1.0692 0.136014
2.409 -1.07937 0.126458
2.41 -1.10576 0.100805
2.411 -1.10757 0.0993165
2.412 -1.09164 0.115453
2.413 -1.10012 0.107479
2.414 -1.07432 0.133552
2.415 -1.05852 0.149587
2.416 -1.03644 0.171972
2.417 -1.03584 0.17275
2.418 -1.02024 0.189358
2.419 -1.0017 0.208203
2.42 -1.02025 0.190229
2.421 -1.04074 0.169968
2.422 -1.06136 0.149731
2.423 -1.0911 0.120523
2.424 -1.09873 0.113472
2.425 -1.10432 0.108428
2.426 -1.09117 0.121895
2.427 -1.09829 0.115166
2.428 -1.10436 0.109672
2.429 -1.1261 0.0887428
2.43 -1.12776 0.0872985
2.431 -1.12992 0.085452
2.432 -1.11165 0.104031
2.433 -1.12868 0.0875323
2.434 -1.11722 0.0996333
2.435 -1.13096 0.0861233
2.436 -1.12324 0.0945303
2.437 -1.13571 0.0826998
2.438 -1.14111 0.0778132
2.439 -1.13505 0.0844567
2.44 -1.13249 0.0872534
2.441 -1.10264 0.117639
2.442 -1.12741 0.0935601
2.443 -1.14161 0.0801799
2.444 -1.13455 0.0874136
2.445 -1.14225 0.0800642
2.446 -1.1523 0.0702819
2.447 -1.14046 0.0822989
2.448 -1.14482 0.0784214
2.449 -1.14015 0.0831734
2.45 -1.15298 0.0712855
2.451 -1.14384 0.0809724
2.452 -1.14846 0.0771539
2.453 -1.16006 0.0661284
2.454 -1.17245 0.0541906
2.455 -1.17432 0.05245
2.456 -1.16068 0.0663158
2.457 -1.15761 0.0697742
2.458 -1.13741 0.0902884
2.459 -1.13149 0.0965043
2.46 -1.13147 0.0970566
2.461 -1.1157 0.113232
2.462 -1.13346 0.0964764
2.463 -1.11692 0.113289
2.464 -1.13488 0.0958659
2.465 -1.16445 0.066712
2.466 -1.16391 0.0676503
2.467 -1.17852 0.0534514
2.468 -1.18219 0.0500844
2.469 -1.18567 0.0472772
2.47 -1.19341 0.0399951
2.471 -1.19172 0.0420732
2.472 -1.20381 0.0309778
2.473 -1.20442 0.030749
2.474 -1.20666 0.028773
2.475 -1.21676 0.018926
2.476 -1.21466 0.0213574
2.477 -1.21428 0.0219432
2.478 -1.21243 0.0239992
2.479 -1.21355 0.0229534
2.48 -1.20871 0.0279979
2.481 -1.21226 0.0248686
2.482 -1.21879 0.0187608
2.483 -1.22289 0.0152596
2.484 -1.22562 0.0129813
2.485 -1.21845 0.0207577
2.486 -1.2163 0.0231843
2.487 -1.22352 0.0162798
2.488 -1.23194 0.00826243
2.489 -1.22508 0.0160719
2.49 -1.2217 0.0197979
2.491 -1.23006 0.0122508
2.492 -1.23333 0.00935326
2.493 -1.23502 0.00801823
2.494 -1.22493 0.0185202
2.495 -1.21487 0.0288507
2.496 -1.22863 0.0158003
2.497 -1.2307 0.0142644
2.498 -1.23227 0.0130471
2.499 -1.21893 0.027142
2.5 -1.22158 0.0246848
2.501 -1.2252 0.0211733
2.502 -1.22986 0.0169948
2.503 -1.23182 0.0151349
2.504 -1.24152 0.00600167
2.505 -1.23886 0.00913011
2.506 -1.23896 0.00916637
2.507 -1.24157 0.00697637
2.508 -1.23906 0.00967897
2.509 -1.23706 0.0120997
2.51 -1.23677 0.0126947
2.511 -1.24126 0.00922004
2.512 -1.24098 0.00985042
2.513 -1.2392 0.0121017
2.514 -1.22899 0.0228769
2.515 -1.23091 0.0214327
2.516 -1.23937 0.0134737
2.517 -1.24569 0.00792158
2.518 -1.24905 0.00498174
2.519 -1.24836 0.0058286
2.52 -1.25292 0.0016104
2.521 -1.25445 0.000254758
2.522 -1.2551 1.6161e-05
2.523 -1.25597 2.819e-05
2.524 -1.25529 0.00107228
2.525 -1.25575 0.000830339
2.526 -1.25383 0.00344081
2.527 -1.25468 0.00319754
2.528 -1.25155 0.00672505
2.529 -1.25216 0.00656397
2.53 -1.24964 0.00946595
2.531 -1.25413 0.00548309
2.532 -1.25565 0.00425246
2.533 -1.25923 0.00127521
2.534 -1.2536 0.00739878
2.535 -1.25584 0.00560209
2.536 -1.26199 0.000186838
2.537 -1.2624 4.41402e-05
2.538 -1.26261 1.40018e-06
2.539 -1.26273 0.000148816
2.54 -1.26391 8.09537e-06
2.541 -1.26416 0.000191252
2.542 -1.26408 0.000837307
2.543 -1.26539 0.000203964
2.544 -1.26617 1.84682e-08
2.545 -1.26617 0.000548742
2.546 -1.26693 0.000174559
2.547 -1.2676 2.12497e-05
2.548 -1.26795 7.47835e-05
2.549 -1.26601 0.00269021
2.55 -1.26589 0.0031395
2.551 -1.26571 0.0040785
2.552 -1.26266 0.00759147
2.553 -1.26578 0.00493532
2.554 -1.26372 0.00723681
2.555 -1.26258 0.00896215
2.556 -1.2629 0.00878763
2.557 -1.2598 0.0126819
2.558 -1.25298 0.0202195
2.559 -1.24147 0.0321897
2.56 -1.23928 0.0350013
2.561 -1.224 0.0507389
2.562 -1.23112 0.0438614
2.563 -1.22785 0.0474976
2.564 -1.23419 0.0414761
2.565 -1.21993 0.0567054
2.566 -1.22196 0.0551575
2.567 -1.22732 0.0502063
2.568 -1.21081 0.0672828
2.569 -1.20516 0.0733237
2.57 -1.21008 0.0687429
2.571 -1.21067 0.0688035
2.572 -1.21396 0.0662429
2.573 -1.22861 0.0518381
2.574 -1.21726 0.0634912
2.575 -1.21428 0.0667547
2.576 -1.22723 0.0542252
2.577 -1.20931 0.0725464
2.578 -1.21537 0.0676326
2.579 -1.2044 0.07923
2.58 -1.21629 0.0677247
2.581 -1.20952 0.0746839
2.582 -1.21492 0.0697803
2.583 -1.22413 0.0611275
2.584 -1.23075 0.0556819
2.585 -1.22315 0.0640769
2.586 -1.2366 0.0510454
2.587 -1.22596 0.0620027
2.588 -1.22521 0.0630752
2.589 -1.21128 0.0775078
2.59 -1.1987 0.0907785
2.591 -1.22473 0.0653468
2.592 -1.22696 0.0633597
2.593 -1.21243 0.0786203
2.594 -1.19347 0.0981277
2.595 -1.20109 0.0907533
2.596 -1.21024 0.0822075
2.597 -1.21606 0.0768527
2.598 -1.23639 0.0570557
2.599 -1.2248 0.0693413
2.6 -1.23523 0.0591855
2.601 -1.22921 0.0655887
2.602 -1.19997 0.0952481
2.603 -1.16178 0.133886
2.604 -1.12553 0.171145
2.605 -1.08698 0.210368
2.606 -1.07852 0.219456
2.607 -1.10067 0.197802
2.608 -1.09577 0.203401
2.609 -1.11099 0.188821
2.61 -1.10918 0.190959
2.611 -1.08746 0.213067
2.612 -1.11633 0.185023
2.613 -1.13316 0.169126
2.614 -1.15294 0.149559
2.615 -1.16164 0.141442
2.616 -1.15155 0.152072
2.617 -1.17472 0.129136
2.618 -1.15526 0.149096
2.619 -1.15721 0.147609
2.62 -1.17927 0.126184
2.621 -1.17074 0.135069
2.622 -1.17864 0.127757
2.623 -1.17478 0.131831
2.624 -1.15491 0.152185
2.625 -1.16734 0.140226
2.626 -1.17357 0.134538
2.627 -1.17791 0.130497
2.628 -1.1801 0.128753
2.629 -1.15501 0.154006
2.63 -1.14938 0.159793
2.631 -1.11114 0.198515
2.632 -1.09799 0.2122
2.633 -1.06324 0.247654
2.634 -1.07618 0.235209
2.635 -1.07836 0.233079
2.636 -1.069 0.242678
2.637 -1.07549 0.236414
2.638 -1.06278 0.249367
2.639 -1.10467 0.208179
2.64 -1.1104 0.202936
2.641 -1.06437 0.249618
2.642 -1.04324 0.271169
2.643 -1.06782 0.246897
2.644 -1.07517 0.239974
2.645 -1.11946 0.196201
2.646 -1.08196 0.234216
2.647 -1.09289 0.223751
2.648 -1.0562 0.261005
2.649 -1.07947 0.238321
2.65 -1.0354 0.283257
2.651 -1.01746 0.302318
2.652 -1.00034 0.320032
2.653 -0.996723 0.324086
2.654 -1.01385 0.307161
2.655 -1.0312 0.290417
2.656 -1.05781 0.264162
2.657 -1.05719 0.265142
2.658 -1.02314 0.299825
2.659 -1.00529 0.318147
2.66 -1.04041 0.283594
2.661 -1.03309 0.291064
2.662 -1.02541 0.299207
2.663 -1.00796 0.317195
2.664 -1.0049 0.320547
2.665 -0.966678 0.359287
2.666 -1.00998 0.316444
2.667 -1.00469 0.322457
2.668 -0.983339 0.344341
2.669 -1.04503 0.283363
2.67 -1.04561 0.283585
2.671 -1.02253 0.307245
2.672 -1.01151 0.318749
2.673 -1.0206 0.309978
2.674 -1.01269 0.318227
2.675 -1.04888 0.282643
2.676 -1.00096 0.331514
2.677 -1.0114 0.321454
2.678 -0.992703 0.34041
2.679 -0.967551 0.365839
2.68 -0.934743 0.399164
2.681 -0.95454 0.379822
2.682 -1.0367 0.29865
2.683 -1.06434 0.271612
2.684 -1.0746 0.261795
2.685 -1.07552 0.261224
2.686 -1.01833 0.31909
2.687 -1.00785 0.329762
2.688 -1.01556 0.322216
2.689 -1.03941 0.298711
2.69 -1.02604 0.312651
2.691 -1.00896 0.329988
2.692 -0.985119 0.354636
2.693 -1.00671 0.333496
2.694 -0.967929 0.372746
2.695 -0.935103 0.405996
2.696 -0.969054 0.373011
2.697 -1.00752 0.335129
2.698 -1.01122 0.332059
2.699 -0.999781 0.344143
2.7 -1.02409 0.320084
2.701 -1.00661 0.337775
2.702 -1.01728 0.327419
2.703 -0.990935 0.353959
2.704 -0.954673 0.390646
2.705 -1.00165 0.34443
2.706 -1.05071 0.296042
2.707 -1.1167 0.231048
2.708 -1.12146 0.226753
2.709 -1.11487 0.233668
2.71 -1.10479 0.244644
2.711 -1.11184 0.237832
2.712 -1.12112 0.229288
2.713 -1.13023 0.22079
2.714 -1.15229 0.199368
2.715 -1.17635 0.176326
2.716 -1.19108 0.1619
2.717 -1.20945 0.143749
2.718 -1.20887 0.144515
2.719 -1.20593 0.147993
2.72 -1.23729 0.117274
2.721 -1.23973 0.115385
2.722 -1.22423 0.131191
2.723 -1.22447 0.131439
2.724 -1.2232 0.133076
2.725 -1.2262 0.130346
2.726 -1.25524 0.102138
2.727 -1.2555 0.102491
2.728 -1.22863 0.130258
2.729 -1.24511 0.114276
2.73 -1.24848 0.111238
2.731 -1.24084 0.119415
2.732 -1.23435 0.126274
2.733 -1.24052 0.120452
2.734 -1.23279 0.128599
2.735 -1.23842 0.123753
2.736 -1.26411 0.0986905
2.737 -1.25479 0.108299
2.738 -1.25075 0.112573
2.739 -1.25884 0.104889
2.74 -1.27785 0.0865951
2.741 -1.28494 0.0797019
2.742 -1.28545 0.0793109
2.743 -1.28129 0.0841581
2.744 -1.28122 0.0847026
2.745 -1.26663 0.100069
2.746 -1.2543 0.113481
2.747 -1.24226 0.125985
2.748 -1.25702 0.111681
2.749 -1.2253 0.144564
2.75 -1.26322 0.10758
2.751 -1.26718 0.104091
2.752 -1.24926 0.122371
2.753 -1.23078 0.141206
2.754 -1.23246 0.140309
2.755 -1.24489 0.128734
2.756 -1.24098 0.132999
2.757 -1.25466 0.119968
2.758 -1.24456 0.130574
2.759 -1.23437 0.141323
2.76 -1.22296 0.153178
2.761 -1.20616 0.170544
2.762 -1.21278 0.164611
2.763 -1.21587 0.161834
2.764 -1.20671 0.171546
2.765 -1.2299 0.148751
2.766 -1.27041 0.1093
2.767 -1.29131 0.089026
2.768 -1.26977 0.111058
2.769 -1.28611 0.0951689
2.77 -1.28567 0.0958216
2.771 -1.29051 0.0914182
2.772 -1.26992 0.112883
2.773 -1.28005 0.103097
2.774 -1.26627 0.11716
2.775 -1.28728 0.0965751
2.776 -1.27799 0.10635
2.777 -1.26685 0.117882
2.778 -1.27095 0.113989
2.779 -1.25572 0.129675
2.78 -1.22856 0.15751
2.781 -1.23202 0.154383
2.782 -1.2194 0.167423
2.783 -1.19828 0.189163
2.784 -1.19072 0.197654
2.785 -1.19231 0.196571
2.786 -1.19828 0.19098
2.787 -1.19926 0.19071
2.788 -1.19138 0.199055
2.789 -1.20086 0.189961
2.79 -1.20996 0.181035
2.791 -1.21924 0.17209
2.792 -1.22698 0.164619
2.793 -1.22168 0.170752
2.794 -1.19784 0.194808
2.795 -1.19487 0.198774
2.796 -1.18632 0.207513
2.797 -1.20016 0.194072
2.798 -1.20906 0.185789
2.799 -1.19796 0.197435
2.8 -1.21065 0.185027
2.801 -1.16571 0.230747
2.802 -1.19042 0.206734
2.803 -1.19299 0.204418
2.804 -1.18025 0.217366
2.805 -1.20568 0.19239
2.806 -1.18742 0.211375
2.807 -1.18285 0.216494
2.808 -1.21052 0.189332
2.809 -1.20853 0.191965
2.81 -1.20076 0.199967
2.811 -1.21311 0.188055
2.812 -1.22144 0.180246
2.813 -1.22738 0.174663
2.814 -1.25042 0.151891
2.815 -1.25168 0.150816
2.816 -1.24467 0.158476
2.817 -1.24954 0.154443
2.818 -1.26427 0.140246
2.819 -1.26468 0.140533
2.82 -1.26959 0.136127
2.821 -1.27184 0.134688
2.822 -1.28788 0.118959
2.823 -1.29947 0.107595
2.824 -1.30102 0.106552
2.825 -1.29315 0.115065
2.826 -1.28521 0.12383
2.827 -1.30087 0.108691
2.828 -1.28875 0.121081
2.829 -1.30665 0.103736
2.83 -1.32207 0.0885727
2.831 -1.31513 0.0958687
2.832 -1.3087 0.102875
2.833 -1.31025 0.101886
2.834 -1.30784 0.104524
2.835 -1.33053 0.0826694
2.836 -1.32745 0.0861923
2.837 -1.34465 0.069466
2.838 -1.35253 0.0617209
2.839 -1.34072 0.0740049
2.84 -1.35047 0.064475
2.841 -1.36618 0.0490734
2.842 -1.35565 0.0607012
2.843 -1.35755 0.0591037
2.844 -1.35819 0.0590576
2.845 -1.36823 0.0493016
2.846 -1.37149 0.0463834
2.847 -1.37065 0.0474977
2.848 -1.34733 0.071471
2.849 -1.36087 0.0582745
2.85 -1.3677 0.0522672
2.851 -1.37025 0.0500974
2.852 -1.36537 0.0557112
2.853 -1.34997 0.0715904
2.854 -1.35624 0.0655168
2.855 -1.36469 0.0573701
2.856 -1.36995 0.0534266
2.857 -1.39086 0.0332768
2.858 -1.3703 0.0543077
2.859 -1.37087 0.0544125
2.86 -1.38713 0.0384813
2.861 -1.37383 0.0521844
2.862 -1.37962 0.0469922
2.863 -1.37828 0.0489061
2.864 -1.37009 0.0575036
2.865 -1.35769 0.0704901
2.866 -1.3653 0.0635606
2.867 -1.36768 0.061476
2.868 -1.37155 0.0579003
2.869 -1.38843 0.0415726
2.87 -1.4058 0.0248354
2.871 -1.40317 0.0279855
2.872 -1.4 0.0315894
2.873 -1.40075 0.0314852
2.874 -1.41371 0.0189534
2.875 -1.41226 0.0209918
2.876 -1.42105 0.0126029
2.877 -1.42527 0.00871977
2.878 -1.4209 0.013731
2.879 -1.42058 0.0145389
2.88 -1.42977 0.00617995
2.881 -1.43166 0.00480281
2.882 -1.43097 0.0062196
2.883 -1.43608 0.00151702
2.884 -1.43748 0.00049368
2.885 -1.43808 0.000192634
2.886 -1.43775 0.000838854
2.887 -1.43847 0.000537049
2.888 -1.43941 6.56909e-07
2.889 -1.43849 0.00130641
2.89 -1.4341 0.00622366
2.891 -1.4373 0.00332722
2.892 -1.4405 0.000686036
2.893 -1.44066 0.000763431
2.894 -1.44105 0.000696031
2.895 -1.44047 0.00180928
2.896 -1.4385 0.00432649
2.897 -1.44005 0.00330666
2.898 -1.43908 0.00462765
2.899 -1.43412 0.0100488
2.9 -1.4341 0.0107476
2.901 -1.43955 0.00606979
2.902 -1.43597 0.0099219
2.903 -1.42464 0.0217049
2.904 -1.42756 0.0191801
2.905 -1.42809 0.0193473
2.906 -1.43121 0.0167624
2.907 -1.42836 0.0200615
2.908 -1.42996 0.0187488
2.909 -1.42564 0.0232443
2.91 -1.41915 0.0302688
2.911 -1.41421 0.0358963
2.912 -1.4172 0.0333986
2.913 -1.41418 0.036707
2.914 -1.40948 0.0419161
2.915 -1.41648 0.0354668
2.916 -1.42134 0.0312223
2.917 -1.42534 0.0276293
2.918 -1.43235 0.0211654
2.919 -1.44493 0.00928093
2.92 -1.44066 0.0138636
2.921 -1.43851 0.0163536
2.922 -1.4348 0.0208001
2.923 -1.44135 0.0149501
2.924 -1.44394 0.0126733
2.925 -1.44102 0.0157425
2.926 -1.45089 0.0062257
2.927 -1.45404 0.00375301
2.928 -1.45272 0.00545218
2.929 -1.45214 0.00665943
2.93 -1.45354 0.00572403
2.931 -1.4568 0.00327093
2.932 -1.45732 0.0030648
2.933 -1.45833 0.00258554
2.934 -1.4611 0.000251848
2.935 -1.45894 0.00292418
2.936 -1.45979 0.0025587
2.937 -1.46104 0.00171726
2.938 -1.46152 0.00158828
2.939 -1.46355 0.000251331
2.94 -1.46349 0.000982858
2.941 -1.46105 0.0038817
2.942 -1.46093 0.00470538
2.943 -1.46265 0.00350227
2.944 -1.46257 0.00429829
2.945 -1.46284 0.00431306
2.946 -1.46596 0.00157696
2.947 -1.46646 0.00163379
2.948 -1.46758 0.000932374
2.949 -1.46602 0.00289753
2.95 -1.46669 0.0030751
2.951 -1.46848 0.00162963
2.952 -1.46597 0.00434039
2.953 -1.45962 0.0113796
2.954 -1.45406 0.0180103
2.955 -1.45702 0.0158827
2.956 -1.45774 0.0154881
2.957 -1.45486 0.0187905
2.958 -1.46935 0.00521204
2.959 -1.47235 0.00252395
2.96 -1.4658 0.010175
2.961 -1.46402 0.0123603
2.962 -1.4632 0.013636
2.963 -1.46507 0.0121907
2.964 -1.46793 0.00984551
2.965 -1.46913 0.00921207
2.966 -1.47182 0.006784
2.967 -1.46844 0.0105017
2.968 -1.47324 0.00626378
2.969 -1.47448 0.00559175
2.97 -1.47975 0.00107262
2.971 -1.47934 0.00165301
2.972 -1.47531 0.00643088
2.973 -1.47289 0.00896259
2.974 -1.47677 0.00550618
2.975 -1.47894 0.00340393
2.976 -1.48021 0.00255389
2.977 -1.48343 1.00485e-05
2.978 -1.48351 0.000161092
2.979 -1.47954 0.00499046
2.98 -1.48234 0.00251606
2.981 -1.47834 0.00718814
2.982 -1.47606 0.0101494
2.983 -1.47035 0.0163473
2.984 -1.47016 0.0171459
2.985 -1.46375 0.0240223
2.986 -1.46453 0.0234468
2.987 -1.47092 0.0177509
2.988 -1.47485 0.014536
2.989 -1.47862 0.011024
2.99 -1.48592 0.00463741
2.991 -1.48273 0.00824316
2.992 -1.48551 0.00594656
2.993 -1.4895 0.00271798
2.994 -1.48945 0.00289016
2.995 -1.48921 0.00367162
2.996 -1.49134 0.00227562
2.997 -1.49195 0.0020082
2.998 -1.49159 0.00329026
2.999 -1.49133 0.00394409
3 -1.49029 0.00566792
3.001 -1.48639 0.00999483
3.002 -1.47569 0.0215684
3.003 -1.4753 0.0225788
3.004 -1.47755 0.0206587
3.005 -1.47193 0.0266069
3.006 -1.46618 0.0328885
3.007 -1.48246 0.0170587
3.008 -1.48174 0.0181123
3.009 -1.47225 0.0279882
3.01 -1.4693 0.0314134
3.011 -1.47405 0.0270497
3.012 -1.47293 0.0286239
3.013 -1.47825 0.0237266
3.014 -1.48671 0.0159285
3.015 -1.48246 0.0209822
3.016 -1.4889 0.0149998
3.017 -1.49462 0.00975423
3.018 -1.49789 0.00692796
3.019 -1.49962 0.00553702
3.02 -1.50109 0.00426739
3.021 -1.4995 0.00641266
3.022 -1.50475 0.00185272
3.023 -1.50424 0.00327111
3.024 -1.50452 0.00353369
3.025 -1.50268 0.00580772
3.026 -1.49818 0.0110187
3.027 -1.49633 0.0131951
3.028 -1.49233 0.01735
3.029 -1.49062 0.0195174
3.03 -1.49706 0.0133951
3.031 -1.50091 0.00989343
3.032 -1.50332 0.00798242
3.033 -1.50375 0.00781839
3.034 -1.50677 0.00566014
3.035 -1.51026 0.00280931
3.036 -1.51196 0.00177359
3.037 -1.51284 0.00110953
3.038 -1.51442 6.78445e-06
3.039 -1.51467 3.75807e-06
3.04 -1.51488 0.000135921
3.041 -1.51443 0.00100836
3.042 -1.51535 0.000304774
3.043 -1.51591 0.000536122
3.044 -1.51656 0.000382225
3.045 -1.5134 0.00410139
3.046 -1.51349 0.0043796
3.047 -1.51498 0.00366495
3.048 -1.5162 0.00273362
3.049 -1.51946 0.000255196
3.05 -1.51927 0.0011503
3.051 -1.52071 5.37798e-05
3.052 -1.52149 0.000145656
3.053 -1.52206 6.39092e-06
3.054 -1.52271 2.78776e-05
3.055 -1.52287 9.54289e-05
3.056 -1.52261 0.001026
3.057 -1.52202 0.00244907
3.058 -1.52346 0.00155441
3.059 -1.52071 0.00473509
3.06 -1.51995 0.00572592
3.061 -1.52537 0.00125354
3.062 -1.52647 0.00074167
3.063 -1.52284 0.00489039
3.064 -1.51492 0.0135848
3.065 -1.50486 0.024483
3.066 -1.51354 0.0166984
3.067 -1.52352 0.0072059
3.068 -1.52233 0.00884921
3.069 -1.5251 0.00635914
3.07 -1.51876 0.0135825
3.071 -1.50672 0.0263853
3.072 -1.51709 0.0168641
3.073 -1.52151 0.0127951
3.074 -1.52322 0.0114085
3.075 -1.52773 0.00775191
3.076 -1.53027 0.00559895
3.077 -1.52679 0.00938707
3.078 -1.5286 0.00813245
3.079 -1.5266 0.0103282
3.08 -1.53369 0.00384043
3.081 -1.52852 0.00928729
3.082 -1.53036 0.00798032
3.083 -1.53335 0.00520392
3.084 -1.53474 0.00446146
3.085 -1.53231 0.00724263
3.086 -1.52934 0.0105712
3.087 -1.53431 0.00600033
3.088 -1.53054 0.0102992
3.089 -1.52134 0.0201952
3.09 -1.51525 0.0269683
3.091 -1.52285 0.0195836
3.092 -1.51037 0.0327757
3.093 -1.51172 0.0318616
3.094 -1.52534 0.0188962
3.095 -1.53001 0.0147802
3.096 -1.52883 0.0163683
3.097 -1.52864 0.0170604
3.098 -1.52155 0.0249534
3.099 -1.5277 0.0194706
3.1 -1.53172 0.0157965
3.101 -1.53017 0.0177718
3.102 -1.53882 0.00984714
3.103 -1.54387 0.00553499
3.104 -1.53624 0.0136854
3.105 -1.53603 0.0143059
3.106 -1.53649 0.0148094
3.107 -1.54496 0.00693873
3.108 -1.54663 0.00595071
3.109 -1.54657 0.00660138
3.11 -1.53981 0.013842
3.111 -1.54728 0.00698306
3.112 -1.55061 0.00394733
3.113 -1.53982 0.0154257
3.114 -1.54021 0.0155684
3.115 -1.5394 0.0168615
3.116 -1.53209 0.0245857
3.117 -1.52605 0.0311358
3.118 -1.51181 0.0458314
3.119 -1.49981 0.058018
3.12 -1.51031 0.0483054
3.121 -1.52215 0.0369256
3.122 -1.52585 0.0338355
3.123 -1.51777 0.0422754
3.124 -1.52159 0.0391364
3.125 -1.51196 0.0491305
3.126 -1.51482 0.0465573
3.127 -1.5243 0.0375353
3.128 -1.52655 0.0361904
3.129 -1.53165 0.0313239
3.13 -1.53064 0.0325228
3.131 -1.52773 0.0364669
3.132 -1.52749 0.037009
3.133 -1.52394 0.0410014
3.134 -1.52927 0.0358693
3.135 -1.52437 0.0409406
3.136 -1.51421 0.0518973
3.137 -1.51831 0.0480473
3.138 -1.52662 0.0399858
3.139 -1.53589 0.0312325
3.14 -1.52771 0.0401002
3.141 -1.53375 0.0344357
3.142 -1.54163 0.0270535
3.143 -1.54124 0.0281494
3.144 -1.54731 0.0225393
3.145 -1.55047 0.0196315
3.146 -1.55131 0.0191001
3.147 -1.54632 0.0245911
3.148 -1.53616 0.0352096
3.149 -1.53093 0.0408612
3.15 -1.53004 0.0421833
3.151 -1.53356 0.0389504
3.152 -1.5344 0.0386588
3.153 -1.54007 0.033366
3.154 -1.54449 0.0295154
3.155 -1.5542 0.0203075
3.156 -1.56447 0.0105251
3.157 -1.5691 0.00646334
3.158 -1.57205 0.00452662
3.159 -1.57455 0.00270332
3.16 -1.57629 0.00141196
3.161 -1.57569 0.00242222
3.162 -1.57695 0.00156076
3.163 -1.57127 0.0076944
3.164 -1.57551 0.00372369
3.165 -1.57699 0.00261697
3.166 -1.57735 0.00244513
3.167 -1.57909 0.001161
3.168 -1.58049 0.000102528
3.169 -1.58093 3.06489e-07
3.17 -1.58114 8.92398e-05
3.171 -1.58158 7.19385e-05
3.172 -1.5819 0.000246278
3.173 -1.58225 7.17717e-08
3.174 -1.58264 1.51515e-05
3.175 -1.58313 5.30922e-05
3.176 -1.58332 6.28235e-05
3.177 -1.58367 2.71441e-06
3.178 -1.58353 0.000754311
3.179 -1.58303 0.00163079
3.18 -1.58552 0.000278239
3.181 -1.58663 0.000206023
3.182 -1.58622 0.000712607
3.183 -1.58705 0.000306305
3.184 -1.58797 1.06595e-05
3.185 -1.58839 4.19576e-05
3.186 -1.58835 0.000525382
3.187 -1.58945 3.36926e-06
3.188 -1.58858 0.00171871
3.189 -1.58807 0.00272651
3.19 -1.58916 0.00208821
3.191 -1.58989 0.00194723
3.192 -1.58636 0.00580209
3.193 -1.58569 0.00654191
3.194 -1.58897 0.00399532
3.195 -1.5903 0.00332369
3.196 -1.59366 0.000382703
3.197 -1.59468 1.97906e-05
3.198 -1.59448 0.000942449
3.199 -1.59534 0.000769645
3.2 -1.59633 0.000532881
3.201 -1.59107 0.00660268
3.202 -1.58483 0.0138195
3.203 -1.58215 0.0166141
3.204 -1.58531 0.013905
3.205 -1.58809 0.0115799
3.206 -1.5813 0.0188373
3.207 -1.58217 0.0184917
3.208 -1.57515 0.0259472
3.209 -1.56941 0.0322953
3.21 -1.56603 0.0362559
3.211 -1.57336 0.0298838
3.212 -1.5649 0.0387745
3.213 -1.56737 0.0368269
3.214 -1.572 0.032881
3.215 -1.56522 0.0399876
3.216 -1.55971 0.0458782
3.217 -1.55524 0.0506685
3.218 -1.52157 0.0855032
3.219 -1.51089 0.0969768
3.22 -1.51801 0.09017
3.221 -1.51404 0.0946302
3.222 -1.51983 0.0890671
3.223 -1.5098 0.0996698
3.224 -1.50768 0.102373
3.225 -1.50459 0.105725
3.226 -1.48834 0.122419
3.227 -1.49032 0.120738
3.228 -1.49871 0.112929
3.229 -1.50278 0.109536
3.23 -1.47148 0.141599
3.231 -1.49624 0.117125
3.232 -1.50182 0.111902
3.233 -1.5025 0.111982
3.234 -1.52194 0.0928527
3.235 -1.51233 0.102811
3.236 -1.51809 0.0977738
3.237 -1.50281 0.113794
3.238 -1.50854 0.109099
3.239 -1.47653 0.141849
3.24 -1.46547 0.153734
3.241 -1.46723 0.152286
3.242 -1.49207 0.12839
3.243 -1.50589 0.115155
3.244 -1.51967 0.101739
3.245 -1.52212 0.0994453
3.246 -1.51128 0.110807
3.247 -1.50476 0.117773
3.248 -1.52207 0.101113
3.249 -1.52297 0.100615
3.25 -1.52918 0.0949079
3.251 -1.50436 0.120372
3.252 -1.51678 0.108519
3.253 -1.52615 0.099718
3.254 -1.53644 0.0901276
3.255 -1.53141 0.0965456
3.256 -1.52459 0.103652
3.257 -1.50667 0.121991
3.258 -1.47171 0.157766
3.259 -1.46442 0.165169
3.26 -1.4698 0.160043
3.261 -1.4663 0.163941
3.262 -1.4747 0.156427
3.263 -1.48143 0.150342
3.264 -1.48292 0.149264
3.265 -1.50945 0.123763
3.266 -1.52979 0.10399
3.267 -1.52674 0.107454
3.268 -1.50243 0.132584
3.269 -1.5239 0.111695
3.27 -1.52982 0.10598
3.271 -1.52178 0.114497
3.272 -1.52229 0.11438
3.273 -1.54273 0.0946202
3.274 -1.53574 0.102091
3.275 -1.52518 0.113208
3.276 -1.55163 0.0871649
3.277 -1.55974 0.0797047
3.278 -1.53973 0.10032
3.279 -1.53487 0.105858
3.28 -1.53101 0.110333
3.281 -1.54824 0.093846
3.282 -1.55616 0.0865552
3.283 -1.5728 0.0707456
3.284 -1.56949 0.0742452
3.285 -1.56546 0.0785898
3.286 -1.55005 0.0943291
3.287 -1.53585 0.108807
3.288 -1.52505 0.119972
3.289 -1.53465 0.110966
3.29 -1.54565 0.100694
3.291 -1.54762 0.0992623
3.292 -1.53427 0.113553
3.293 -1.51891 0.129468
3.294 -1.53917 0.109723
3.295 -1.54921 0.0998774
3.296 -1.5638 0.0856205
3.297 -1.54909 0.10071
3.298 -1.56694 0.0837994
3.299 -1.5549 0.0967142
3.3 -1.54287 0.109142
3.301 -1.53569 0.116475
3.302 -1.5547 0.0983991
3.303 -1.56821 0.085875
3.304 -1.57672 0.0779044
3.305 -1.56626 0.0887516
3.306 -1.57346 0.0818821
3.307 -1.58661 0.0692144
3.308 -1.59746 0.0593912
3.309 -1.59356 0.063843
3.31 -1.60626 0.0514403
3.311 -1.58808 0.0699525
3.312 -1.6022 0.0562634
3.313 -1.60423 0.0544758
3.314 -1.61168 0.0475087
3.315 -1.61644 0.0432546
3.316 -1.61898 0.0411101
3.317 -1.61 0.0504175
3.318 -1.61636 0.0444851
3.319 -1.61447 0.0469157
3.32 -1.61641 0.0454384
3.321 -1.60926 0.0529207
3.322 -1.61135 0.0513289
3.323 -1.59701 0.0660285
3.324 -1.59389 0.069728
3.325 -1.61358 0.0505981
3.326 -1.62209 0.0423278
3.327 -1.6342 0.0306167
3.328 -1.65279 0.0125139
3.329 -1.66336 0.00290369
3.33 -1.66507 0.00193223
3.331 -1.66492 0.00295293
3.332 -1.66658 0.00165137
3.333 -1.66905 2.5647e-05
3.334 -1.66893 0.000902397
3.335 -1.66857 0.00189762
3.336 -1.66943 0.00147421
3.337 -1.66955 0.00180118
3.338 -1.66976 0.00190951
3.339 -1.6691 0.00289567
3.34 -1.67015 0.0023797
3.341 -1.66919 0.00346103
3.342 -1.67266 0.00041045
3.343 -1.673 0.000531773
3.344 -1.67227 0.00206339
3.345 -1.67097 0.00381857
3.346 -1.66553 0.00981582
3.347 -1.6688 0.00707757
3.348 -1.67193 0.00441194
3.349 -1.67512 0.00180297
3.35 -1.6767 0.000419248
3.351 -1.67754 0.000295346
3.352 -1.67808 0.00041413
3.353 -1.67873 0.000387767
3.354 -1.67934 0.000163352
3.355 -1.67855 0.00172351
3.356 -1.67769 0.00287913
3.357 -1.68041 0.000682737
3.358 -1.68145 0.000152339
3.359 -1.68074 0.00116585
3.36 -1.68176 0.000418599
3.361 -1.68301 6.98507e-05
3.362 -1.68414 0.000125069
3.363 -1.68306 0.00198238
3.364 -1.68507 0.000322127
3.365 -1.68601 8.69737e-07
3.366 -1.68638 0.000225278
3.367 -1.68769 7.9628e-05
3.368 -1.68826 0.00054526
3.369 -1.68898 0.000300489
3.37 -1.68978 6.50389e-05
3.371 -1.68988 0.000471823
3.372 -1.69032 0.000437115
3.373 -1.6916 2.78616e-05
3.374 -1.69184 3.87783e-05
3.375 -1.69224 5.79095e-05
3.376 -1.69291 0.000285227
3.377 -1.69339 0.000109273
3.378 -1.69318 0.00098488
3.379 -1.69398 0.000826766
3.38 -1.69135 0.00415804
3.381 -1.69266 0.00339715
3.382 -1.69402 0.00257848
3.383 -1.69073 0.00675423
3.384 -1.69511 0.00310968
3.385 -1.69639 0.00206347
3.386 -1.69624 0.00255327
3.387 -1.69515 0.00407522
3.388 -1.69559 0.00398341
3.389 -1.69753 0.00245298
3.39 -1.69696 0.00348592
3.391 -1.69056 0.0105326
3.392 -1.69924 0.00241493
3.393 -1.6979 0.00419716
3.394 -1.69791 0.00453179
3.395 -1.6949 0.00815527
3.396 -1.701 0.0030046
3.397 -1.70393 0.000478576
3.398 -1.70337 0.00170899
3.399 -1.70394 0.00142593
3.4 -1.70138 0.00436292
3.401 -1.69782 0.00855408
3.402 -1.69697 0.00984822
3.403 -1.69343 0.0140787
3.404 -1.69728 0.0108656
3.405 -1.70244 0.00641079
3.406 -1.70215 0.00709572
3.407 -1.70309 0.0066516
3.408 -1.70899 0.00167249
3.409 -1.71005 0.000857782
3.41 -1.7107 0.000909084
3.411 -1.71135 0.000519947
3.412 -1.70621 0.00656879
3.413 -1.70846 0.00487353
3.414 -1.70798 0.0061474
3.415 -1.70873 0.00586791
3.416 -1.71276 0.00245176
3.417 -1.7122 0.003382
3.418 -1.70955 0.00660029
3.419 -1.71114 0.00541522
3.42 -1.70788 0.0088622
3.421 -1.70829 0.00887682
3.422 -1.70892 0.00921525
3.423 -1.70992 0.00854122
3.424 -1.70437 0.0143172
3.425 -1.70574 0.0132223
3.426 -1.70186 0.0175925
3.427 -1.69338 0.0265237
3.428 -1.6879 0.0322214
3.429 -1.67966 0.0409627
3.43 -1.69216 0.0289296
3.431 -1.68831 0.0332683
3.432 -1.66949 0.0528382
3.433 -1.67453 0.0482244
3.434 -1.66516 0.0579666
3.435 -1.67303 0.0508292
3.436 -1.67843 0.0458414
3.437 -1.68845 0.0362619
3.438 -1.68411 0.0408745
3.439 -1.67541 0.049784
3.44 -1.66834 0.0577506
3.441 -1.68084 0.0456609
3.442 -1.65575 0.0714574
3.443 -1.65535 0.0725322
3.444 -1.6444 0.0838424
3.445 -1.6472 0.0815117
3.446 -1.65319 0.0763853
3.447 -1.62402 0.106239
3.448 -1.61554 0.114997
3.449 -1.60669 0.124535
3.45 -1.61347 0.118154
3.451 -1.59833 0.133699
3.452 -1.63582 0.097187
3.453 -1.62778 0.10591
3.454 -1.64172 0.0926629
3.455 -1.6463 0.0890464
3.456 -1.66391 0.0721795
3.457 -1.64106 0.0958176
3.458 -1.66004 0.0773104
3.459 -1.64512 0.0925358
3.46 -1.65107 0.0867847
3.461 -1.62538 0.112759
3.462 -1.5908 0.147706
3.463 -1.59961 0.139359
3.464 -1.59288 0.146601
3.465 -1.62712 0.113582
3.466 -1.62913 0.11218
3.467 -1.61063 0.13137
3.468 -1.61096 0.131666
3.469 -1.6044 0.138579
3.47 -1.62726 0.116285
3.471 -1.61191 0.132306
3.472 -1.62477 0.120218
3.473 -1.62151 0.123942
3.474 -1.61561 0.130128
3.475 -1.64846 0.0982189
3.476 -1.65681 0.0899611
3.477 -1.66272 0.0844974
3.478 -1.65817 0.0894068
3.479 -1.66712 0.0808861
3.48 -1.64942 0.0992149
3.481 -1.65548 0.0935643
3.482 -1.63301 0.116835
3.483 -1.6264 0.124363
3.484 -1.61484 0.1361
3.485 -1.6162 0.134901
3.486 -1.61808 0.133188
3.487 -1.61544 0.136198
3.488 -1.62589 0.126438
3.489 -1.608 0.144766
3.49 -1.61351 0.139679
3.491 -1.62107 0.132457
3.492 -1.6271 0.126899
3.493 -1.60151 0.153132
3.494 -1.56337 0.192519
3.495 -1.53977 0.216932
3.496 -1.5546 0.202419
3.497 -1.53124 0.225982
3.498 -1.5201 0.237591
3.499 -1.54917 0.209073
3.5 -1.546 0.213066
3.501 -1.55086 0.208603
3.502 -1.55105 0.208577
3.503 -1.57361 0.186359
3.504 -1.54368 0.216634
3.505 -1.49706 0.263857
3.506 -1.52349 0.23787
3.507 -1.55627 0.205348
3.508 -1.5369 0.225573
3.509 -1.53442 0.22847
3.51 -1.52408 0.239197
3.511 -1.49971 0.264077
3.512 -1.49103 0.273071
3.513 -1.47231 0.292642
3.514 -1.47759 0.287683
3.515 -1.49749 0.268428
3.516 -1.47402 0.292525
3.517 -1.45752 0.309406
3.518 -1.40523 0.362629
3.519 -1.39347 0.374696
3.52 -1.37777 0.391222
3.521 -1.38706 0.382442
3.522 -1.35368 0.416383
3.523 -1.3834 0.387384
3.524 -1.34426 0.427085
3.525 -1.35958 0.412078
3.526 -1.34685 0.424975
3.527 -1.32129 0.451225
3.528 -1.33158 0.441475
3.529 -1.30839 0.465409
3.53 -1.27007 0.504275
3.531 -1.27582 0.498805
3.532 -1.2624 0.512766
3.533 -1.26444 0.511501
3.534 -1.20981 0.566332
3.535 -1.15804 0.618729
3.536 -1.1176 0.659548
3.537 -1.10379 0.673751
3.538 -1.07919 0.69893
3.539 -1.06826 0.710087
3.54 -1.10056 0.678351
3.541 -1.08648 0.692651
3.542 -1.04103 0.738392
3.543 -1.06228 0.717366
3.544 -1.06755 0.712423
3.545 -0.993758 0.786699
3.546 -1.03708 0.743783
3.547 -1.04213 0.739615
3.548 -1.03628 0.74592
3.549 -1.00501 0.777694
3.55 -1.06967 0.71346
3.551 -1.08401 0.699847
3.552 -1.1364 0.647955
3.553 -1.15014 0.634508
3.554 -1.14947 0.635814
3.555 -1.16533 0.62057
3.556 -1.13637 0.650079
3.557 -1.16942 0.61763
3.558 -1.15301 0.634397
3.559 -1.20724 0.580639
3.56 -1.17106 0.61735
3.561 -1.13456 0.654187
3.562 -1.15861 0.630485
3.563 -1.16691 0.622572
3.564 -1.18518 0.604874
3.565 -1.18452 0.606223
3.566 -1.21976 0.571637
3.567 -1.21123 0.580629
3.568 -1.2069 0.585257
3.569 -1.17456 0.618242
3.57 -1.09954 0.693944
3.571 -1.0704 0.723806
3.572 -1.13236 0.66267
3.573 -1.13068 0.664776
3.574 -1.18372 0.611957
3.575 -1.18407 0.611934
3.576 -1.18217 0.614112
3.577 -1.13601 0.660601
3.578 -1.11887 0.677898
3.579 -1.15819 0.638934
3.58 -1.11667 0.680864
3.581 -1.12747 0.670432
3.582 -1.15846 0.639997
3.583 -1.15857 0.640023
3.584 -1.14013 0.658833
3.585 -1.11538 0.684581
3.586 -1.13626 0.663958
3.587 -1.21854 0.582091
3.588 -1.27304 0.528515
3.589 -1.22736 0.574695
3.59 -1.1925 0.610121
3.591 -1.18685 0.616268
3.592 -1.19001 0.613604
3.593 -1.15322 0.651042
3.594 -1.16899 0.63581
3.595 -1.18369 0.621633
3.596 -1.2049 0.601089
3.597 -1.20933 0.597724
3.598 -1.15777 0.649995
3.599 -1.20352 0.604723
3.6 -1.18314 0.62554
3.601 -1.21431 0.594742
3.602 -1.24029 0.569076
3.603 -1.25351 0.556276
3.604 -1.25668 0.553694
3.605 -1.25597 0.554863
3.606 -1.22937 0.582141
3.607 -1.24206 0.569873
3.608 -1.25226 0.56015
3.609 -1.26652 0.546197
3.61 -1.29489 0.518292
3.611 -1.27385 0.539437
3.612 -1.28663 0.526987
3.613 -1.3063 0.507813
3.614 -1.28153 0.532968
3.615 -1.36343 0.451563
3.616 -1.31949 0.49593
3.617 -1.34404 0.471774
3.618 -1.36877 0.447425
3.619 -1.31085 0.505825
3.62 -1.33872 0.478833
3.621 -1.3348 0.483258
3.622 -1.312 0.50679
3.623 -1.31687 0.502544
3.624 -1.3067 0.513013
3.625 -1.27163 0.548645
3.626 -1.29264 0.527959
3.627 -1.27876 0.542573
3.628 -1.24662 0.575417
3.629 -1.25521 0.567414
3.63 -1.25799 0.56487
3.631 -1.19965 0.623736
3.632 -1.20036 0.62359
3.633 -1.18248 0.642052
3.634 -1.2066 0.618365
3.635 -1.21231 0.613461
3.636 -1.21617 0.610038
3.637 -1.26363 0.563325
3.638 -1.24395 0.583348
3.639 -1.21359 0.613959
3.64 -1.21145 0.616668
3.641 -1.18309 0.645929
3.642 -1.19105 0.638411
3.643 -1.2326 0.597379
3.644 -1.29579 0.534736
3.645 -1.28055 0.550346
3.646 -1.29651 0.534781
3.647 -1.25344 0.578151
3.648 -1.28705 0.545271
3.649 -1.32028 0.512341
3.65 -1.33177 0.501149
3.651 -1.36453 0.468859
3.652 -1.35646 0.477738
3.653 -1.37983 0.454781
3.654 -1.35459 0.480482
3.655 -1.3705 0.465286
3.656 -1.39451 0.44153
3.657 -1.38408 0.452323
3.658 -1.32657 0.510224
3.659 -1.33094 0.506405
3.66 -1.32467 0.513397
3.661 -1.35721 0.481279
3.662 -1.37562 0.463635
3.663 -1.3619 0.477587
3.664 -1.3404 0.499578
3.665 -1.38141 0.459028
3.666 -1.39206 0.448827
3.667 -1.37343 0.467691
3.668 -1.41967 0.421808
3.669 -1.41967 0.422003
3.67 -1.42942 0.412751
3.671 -1.40888 0.433576
3.672 -1.4311 0.411617
3.673 -1.43019 0.412728
3.674 -1.41506 0.428213
3.675 -1.40099 0.442585
3.676 -1.39276 0.451383
3.677 -1.39864 0.446663
3.678 -1.43339 0.412298
3.679 -1.41714 0.42891
3.68 -1.42663 0.42004
3.681 -1.43453 0.412673
3.682 -1.43805 0.40931
3.683 -1.47007 0.377772
3.684 -1.47871 0.369414
3.685 -1.47994 0.368745
3.686 -1.45893 0.390378
3.687 -1.45971 0.389921
3.688 -1.44248 0.407726
3.689 -1.42684 0.423726
3.69 -1.40139 0.449954
3.691 -1.4164 0.435428
3.692 -1.42623 0.426156
3.693 -1.42652 0.426482
3.694 -1.44439 0.408983
3.695 -1.38965 0.464661
3.696 -1.38515 0.469382
3.697 -1.33421 0.521523
3.698 -1.36207 0.494102
3.699 -1.34921 0.50724
3.7 -1.34927 0.507531
3.701 -1.33555 0.521673
3.702 -1.34106 0.516672
3.703 -1.31996 0.538187
3.704 -1.28245 0.576103
3.705 -1.27121 0.587974
3.706 -1.28991 0.569809
3.707 -1.29783 0.56228
3.708 -1.27745 0.583002
3.709 -1.37196 0.489656
3.71 -1.31582 0.546672
3.711 -1.3091 0.553736
3.712 -1.27374 0.589285
3.713 -1.32519 0.538226
3.714 -1.27981 0.584005
3.715 -1.25686 0.60722
3.716 -1.25642 0.607814
3.717 -1.29758 0.567324
3.718 -1.29714 0.568097
3.719 -1.26611 0.599354
3.72 -1.26288 0.603291
3.721 -1.28938 0.577109
3.722 -1.28545 0.581624
3.723 -1.28019 0.587162
3.724 -1.26806 0.599937
3.725 -1.27051 0.597644
3.726 -1.24793 0.620665
3.727 -1.17917 0.689785
3.728 -1.18801 0.681432
3.729 -1.15394 0.715711
3.73 -1.17235 0.697627
3.731 -1.21053 0.6598
3.732 -1.18922 0.681518
3.733 -1.21829 0.652947
3.734 -1.25145 0.620067
3.735 -1.21519 0.656653
3.736 -1.23852 0.633739
3.737 -1.25792 0.614677
3.738 -1.30517 0.568185
3.739 -1.26672 0.607047
3.74 -1.27947 0.594663
3.741 -1.23482 0.639724
3.742 -1.23683 0.63809
3.743 -1.21936 0.655744
3.744 -1.23862 0.636979
3.745 -1.21684 0.65895
3.746 -1.23458 0.641374
3.747 -1.24059 0.635967
3.748 -1.25254 0.624665
3.749 -1.26643 0.611194
3.75 -1.30339 0.574888
3.751 -1.31957 0.559
3.752 -1.27697 0.602426
3.753 -1.27367 0.605975
3.754 -1.23918 0.640913
3.755 -1.26087 0.619544
3.756 -1.24883 0.631844
3.757 -1.26322 0.618071
3.758 -1.26987 0.612084
3.759 -1.29978 0.582595
3.76 -1.25358 0.629232
3.761 -1.23772 0.645563
3.762 -1.19143 0.692112
3.763 -1.12838 0.755577
3.764 -1.17322 0.711176
3.765 -1.22332 0.661875
3.766 -1.18765 0.697838
3.767 -1.19578 0.690278
3.768 -1.15794 0.728523
3.769 -1.12785 0.759202
3.77 -1.10461 0.782765
3.771 -1.12739 0.760287
3.772 -1.17972 0.708281
3.773 -1.15898 0.729346
3.774 -1.06411 0.824912
3.775 -1.09004 0.799243
3.776 -1.02985 0.859839
3.777 -1.12129 0.768976
3.778 -1.0646 0.826126
3.779 -1.00733 0.883812
3.78 -0.912384 0.979465
3.781 -0.812981 1.07937
3.782 -0.849891 1.04273
3.783 -0.883139 1.00982
3.784 -0.979349 0.914187
3.785 -0.982006 0.911997
3.786 -0.927655 0.966896
3.787 -0.869512 1.02539
3.788 -0.910687 0.984519
3.789 -0.973365 0.922373
3.79 -0.915068 0.981337
3.791 -0.815619 1.08149
3.792 -0.772533 1.12537
3.793 -0.730407 1.16783
3.794 -0.757662 1.14095
3.795 -0.730313 1.16885
3.796 -0.665272 1.23444
3.797 -0.585156 1.31495
3.798 -0.588317 1.31212
3.799 -0.559499 1.34156
3.8 -0.553295 1.34806
3.801 -0.489421 1.41243
3.802 -0.487625 1.41437
3.803 -0.466245 1.43622
3.804 -0.461406 1.44115
3.805 -0.427356 1.47569
3.806 -0.347733 1.55609
3.807 -0.277522 1.62673
3.808 -0.21132 1.69342
3.809 -0.324048 1.5813
3.81 -0.275034 1.63047
3.811 -0.185348 1.7208
3.812 -0.206563 1.69985
3.813 -0.220741 1.68611
3.814 -0.224197 1.68291
3.815 -0.202121 1.70517
3.816 -0.322293 1.58552
3.817 -0.316597 1.5916
3.818 -0.362841 1.54555
3.819 -0.380102 1.52848
3.82 -0.368101 1.5413
3.821 -0.312503 1.5972
3.822 -0.283921 1.62602
3.823 -0.304555 1.60573
3.824 -0.291799 1.61896
3.825 -0.351098 1.56032
3.826 -0.410809 1.50115
3.827 -0.435647 1.47669
3.828 -0.472406 1.44078
3.829 -0.434049 1.47964
3.83 -0.416902 1.49705
3.831 -0.440694 1.4738
3.832 -0.402652 1.51232
3.833 -0.366669 1.54873
3.834 -0.375202 1.5409
3.835 -0.280352 1.63629
3.836 -0.318425 1.59936
3.837 -0.263017 1.65517
3.838 -0.333577 1.58513
3.839 -0.24062 1.67867
3.84 -0.151455 1.7682
3.841 -0.205048 1.71504
3.842 -0.16196 1.75849
3.843 -0.230077 1.691
3.844 -0.124825 1.79695
3.845 -0.148521 1.77383
3.846 -0.126324 1.79632
3.847 -0.204879 1.71808
3.848 -0.2308 1.69238
3.849 -0.262858 1.6605
3.85 -0.352094 1.57154
3.851 -0.428411 1.49603
3.852 -0.49885 1.42658
3.853 -0.49579 1.43035
3.854 -0.460967 1.46557
3.855 -0.407977 1.51945
3.856 -0.500709 1.42726
3.857 -0.500466 1.42845
3.858 -0.494127 1.43514
3.859 -0.484701 1.44505
3.86 -0.548188 1.3819
3.861 -0.526795 1.40377
3.862 -0.482693 1.44829
3.863 -0.385645 1.54622
3.864 -0.411386 1.52097
3.865 -0.52371 1.40938
3.866 -0.606358 1.32718
3.867 -0.498769 1.43561
3.868 -0.501966 1.43268
3.869 -0.536164 1.39898
3.87 -0.566163 1.36959
3.871 -0.538611 1.39751
3.872 -0.534407 1.40212
3.873 -0.575934 1.36112
3.874 -0.657881 1.2796
3.875 -0.705007 1.23274
3.876 -0.667008 1.27132
3.877 -0.670459 1.26809
3.878 -0.765089 1.17419
3.879 -0.710708 1.22909
3.88 -0.758947 1.18143
3.881 -0.716685 1.22406
3.882 -0.743084 1.19821
3.883 -0.800523 1.14146
3.884 -0.824163 1.1184
3.885 -0.813216 1.12971
3.886 -0.85215 1.09122
3.887 -0.864902 1.07879
3.888 -0.882701 1.06157
3.889 -0.930262 1.01426
3.89 -1.02642 0.918754
3.891 -1.04188 0.903657
3.892 -1.04441 0.901819
3.893 -1.0286 0.918111
3.894 -0.996012 0.951023
3.895 -0.991038 0.956599
3.896 -0.990297 0.958184
3.897 -0.910435 1.03856
3.898 -0.950704 0.99875
3.899 -0.93165 1.01822
3.9 -0.903627 1.04685
3.901 -0.905958 1.04477
3.902 -0.909514 1.04139
3.903 -0.888747 1.06263
3.904 -0.788663 1.1633
3.905 -0.790371 1.16201
3.906 -0.778673 1.17411
3.907 -0.815013 1.13814
3.908 -0.77862 1.17472
3.909 -0.68841 1.26547
3.91 -0.775792 1.17897
3.911 -0.921735 1.0342
3.912 -0.957305 0.998901
3.913 -0.962626 0.994273
3.914 -0.952197 1.00498
3.915 -0.976344 0.981155
3.916 -0.954985 1.00302
3.917 -1.04 0.918592
3.918 -0.950853 1.0086
3.919 -1.02545 0.935006
3.92 -1.00886 0.951832
3.921 -0.995712 0.965618
3.922 -1.01306 0.948712
3.923 -1.04713 0.915001
3.924 -1.02865 0.933925
3.925 -1.03211 0.930877
3.926 -0.995329 0.968084
3.927 -1.02447 0.939734
3.928 -1.03409 0.930416
3.929 -1.05837 0.907207
3.93 -1.08458 0.881574
3.931 -1.04761 0.919094
3.932 -1.08359 0.883658
3.933 -1.08992 0.877882
3.934 -1.10423 0.86401
3.935 -1.1408 0.828319
3.936 -1.07897 0.89072
3.937 -1.1093 0.860632
3.938 -1.13035 0.839918
3.939 -1.06527 0.90577
3.94 -1.01611 0.955372
3.941 -1.04696 0.924766
3.942 -1.00467 0.967747
3.943 -0.995118 0.977854
3.944 -0.966455 1.00701
3.945 -0.992911 0.981075
3.946 -0.961574 1.01269
3.947 -0.999935 0.974654
3.948 -1.01165 0.963173
3.949 -1.05182 0.923377
3.95 -0.999929 0.976175
3.951 -0.980362 0.996146
3.952 -0.930829 1.0464
3.953 -0.916369 1.06144
3.954 -0.895597 1.08257
3.955 -0.871491 1.10684
3.956 -0.835122 1.14351
3.957 -0.8199 1.15887
3.958 -0.923807 1.0561
3.959 -0.89372 1.08651
3.96 -0.912297 1.06808
3.961 -0.911749 1.06915
3.962 -0.825984 1.15614
3.963 -0.8551 1.12809
3.964 -0.890012 1.0935
3.965 -0.882087 1.10197
3.966 -1.0013 0.983345
3.967 -1.08714 0.898261
3.968 -1.08901 0.896813
3.969 -1.15296 0.833481
3.97 -1.16663 0.820199
3.971 -1.13409 0.853242
3.972 -1.12758 0.860264
3.973 -1.12795 0.859988
3.974 -1.1553 0.833015
3.975 -1.15562 0.833122
3.976 -1.18414 0.805029
3.977 -1.19076 0.79885
3.978 -1.21739 0.772437
3.979 -1.19512 0.794929
3.98 -1.23439 0.756172
3.981 -1.22444 0.766481
3.982 -1.23831 0.752872
3.983 -1.20379 0.787944
3.984 -1.27827 0.714144
3.985 -1.36363 0.629363
3.986 -1.39874 0.594577
3.987 -1.43408 0.559639
3.988 -1.48184 0.512361
3.989 -1.50583 0.488802
3.99 -1.48407 0.511141
3.991 -1.4519 0.543853
3.992 -1.43642 0.559553
3.993 -1.47868 0.517616
3.994 -1.49508 0.502374
3.995 -1.51692 0.480941
3.996 -1.55518 0.443393
3.997 -1.57807 0.420805
3.998 -1.56945 0.429826
3.999 -1.58652 0.413507
4 -1.62751 0.372918
