t W
0 0
0.001 0.0448061
0.002 -0.0342597
0.003 -0.0564441
0.004 -0.0874547
0.005 -0.112737
0.006 -0.0927928
0.007 -0.0942985
0.008 -0.0990721
0.009 -0.0889274
0.01 -0.103847
0.011 -0.10879
0.012 -0.0950029
0.013 -0.0880104
0.014 -0.11764
0.015 -0.12349
0.016 -0.108163
0.017 -0.0757008
0.018 -0.0398543
0.019 -0.0627604
0.02 -0.0815419
0.021 -0.0201766
0.022 0.00324754
0.023 -0.0058646
0.024 -0.00576575
0.025 -0.00605726
0.026 0.0197996
0.027 -0.0487953
0.028 -0.049368
0.029 -0.0353718
0.03 -0.0166457
0.031 -0.00568656
0.032 0.0384356
0.033 0.0679191
0.034 0.0481144
0.035 -0.000554993
0.036 0.00595256
0.037 0.0279057
0.038 0.0954649
0.039 0.0744044
0.04 0.0901944
0.041 0.0647538
0.042 0.0830339
0.043 0.138769
0.044 0.111686
0.045 0.0658224
0.046 0.0277609
0.047 0.0422239
0.048 0.079793
0.049 0.0415491
0.05 0.03419
0.051 0.0204241
0.052 0.0166882
0.053 -0.0434144
0.054 -0.0806147
0.055 -0.0951147
0.056 -0.0917932
0.057 -0.107444
0.058 -0.0965182
0.059 -0.0773001
0.06 -0.0811156
0.061 -0.0606238
0.062 -0.021941
0.063 0.0183084
0.064 -0.0327248
0.065 -0.0650635
0.066 -0.0223014
0.067 -0.048437
0.068 -0.0572153
0.069 -0.0613311
0.07 -0.0570218
0.071 -0.0815042
0.072 -0.0727226
0.073 -0.102447
0.074 -0.0690126
0.075 -0.134153
0.076 -0.134094
0.077 -0.0803159
0.078 -0.0765817
0.079 -0.0662249
0.08 -0.0631823
0.081 -0.0690128
0.082 -0.0403362
0.083 0.00157118
0.084 -0.0235591
0.085 -0.00236235
0.086 -0.00293696
0.087 0.0402545
0.088 0.0357953
0.089 0.105829
0.09 0.165467
0.091 0.202619
0.092 0.22726
0.093 0.231959
0.094 0.201798
0.095 0.190799
0.096 0.22235
0.097 0.261164
0.098 0.197161
0.099 0.209374
0.1 0.193321
0.101 0.242051
0.102 0.280086
0.103 0.319883
0.104 0.307809
0.105 0.356897
0.106 0.363129
0.107 0.31908
0.108 0.320007
0.109 0.346836
0.11 0.353495
0.111 0.363179
0.112 0.418234
0.113 0.439117
0.114 0.487026
0.115 0.4781
0.116 0.475762
0.117 0.511915
0.118 0.473551
0.119 0.466005
0.12 0.460587
0.121 0.454916
0.122 0.455995
0.123 0.485254
0.124 0.532464
0.125 0.471361
0.126 0.480296
0.127 0.465231
0.128 0.507652
0.129 0.457094
0.13 0.506243
0.131 0.512352
0.132 0.505077
0.133 0.479058
0.134 0.506106
0.135 0.486552
0.136 0.423662
0.137 0.40826
0.138 0.422324
0.139 0.471572
0.14 0.471336
0.141 0.482732
0.142 0.554248
0.143 0.532752
0.144 0.573757
0.145 0.591619
0.146 0.659175
0.147 0.648166
0.148 0.641211
0.149 0.63513
0.15 0.735743
0.151 0.755741
0.152 0.744252
0.153 0.775783
0.154 0.700043
0.155 0.741162
0.156 0.735803
0.157 0.702184
0.158 0.671309
0.159 0.677159
0.16 0.636596
0.161 0.637885
0.162 0.660204
0.163 0.696542
0.164 0.69404
0.165 0.751546
0.166 0.775637
0.167 0.771905
0.168 0.798688
0.169 0.794386
0.17 0.801564
0.171 0.843745
0.172 0.842065
0.173 0.884424
0.174 0.8727
0.175 0.902066
0.176 0.913241
0.177 0.937601
0.178 0.912376
0.179 0.882267
0.18 0.864212
0.181 0.827421
0.182 0.796859
0.183 0.79608
0.184 0.802622
0.185 0.787243
0.186 0.816003
0.187 0.816211
0.188 0.802174
0.189 0.803509
0.19 0.815046
0.191 0.800023
0.192 0.807124
0.193 0.800452
0.194 0.817877
0.195 0.833045
0.196 0.84294
0.197 0.869264
0.198 0.867288
0.199 0.871111
0.2 0.901683
0.201 0.873488
0.202 0.810329
0.203 0.813439
0.204 0.84068
0.205 0.827091
0.206 0.803944
0.207 0.808536
0.208 0.836374
0.209 0.790712
0.21 0.790079
0.211 0.792036
0.212 0.737867
0.213 0.786384
0.214 0.783778
0.215 0.761016
0.216 0.771087
0.217 0.766114
0.218 0.792166
0.219 0.776519
0.22 0.769962
0.221 0.79078
0.222 0.800081
0.223 0.801972
0.224 0.780849
0.225 0.794124
0.226 0.765049
0.227 0.773387
0.228 0.75044
0.229 0.74208
0.23 0.768622
0.231 0.837336
0.232 0.855867
0.233 0.896664
0.234 0.887887
0.235 0.877781
0.236 0.886524
0.237 0.846413
0.238 0.853258
0.239 0.837452
0.24 0.756406
0.241 0.764846
0.242 0.780467
0.243 0.80274
0.244 0.781281
0.245 0.790026
0.246 0.792719
0.247 0.808403
0.248 0.837122
0.249 0.840348
0.25 0.844101
0.251 0.84615
0.252 0.829259
0.253 0.894974
0.254 0.886725
0.255 0.902061
0.256 0.872868
0.257 0.846642
0.258 0.889131
0.259 0.889298
0.26 0.886395
0.261 0.841104
0.262 0.859443
0.263 0.896595
0.264 0.941967
0.265 0.915557
0.266 0.944287
0.267 0.918965
0.268 0.87149
0.269 0.888827
0.27 0.909339
0.271 0.981228
0.272 0.972469
0.273 1.02209
0.274 1.0868
0.275 1.06606
0.276 1.07721
0.277 1.08591
0.278 1.05058
0.279 0.998572
0.28 0.96404
0.281 0.962071
0.282 0.98836
0.283 1.0137
0.284 1.05077
0.285 1.00711
0.286 1.01242
0.287 1.00913
0.288 0.956226
0.289 0.887273
0.29 0.917966
0.291 0.895808
0.292 0.93852
0.293 0.966253
0.294 0.965882
0.295 0.920213
0.296 0.975158
0.297 0.93693
0.298 0.945089
0.299 0.957037
0.3 0.960025
0.301 0.934798
0.302 0.882315
0.303 0.876171
0.304 0.831062
0.305 0.846213
0.306 0.80397
0.307 0.812573
0.308 0.859234
0.309 0.836591
0.31 0.854172
0.311 0.857778
0.312 0.85217
0.313 0.839249
0.314 0.841823
0.315 0.806752
0.316 0.757101
0.317 0.707552
0.318 0.676447
0.319 0.706806
0.32 0.681268
0.321 0.700184
0.322 0.735368
0.323 0.757489
0.324 0.739299
0.325 0.748793
0.326 0.79023
0.327 0.813273
0.328 0.842185
0.329 0.805953
0.33 0.795735
0.331 0.829817
0.332 0.857813
0.333 0.845123
0.334 0.868861
0.335 0.90065
0.336 0.86379
0.337 0.818167
0.338 0.796287
0.339 0.850285
0.34 0.869473
0.341 0.886415
0.342 0.872496
0.343 0.898796
0.344 0.9358
0.345 0.926777
0.346 0.889398
0.347 0.915985
0.348 0.898284
0.349 0.846447
0.35 0.867393
0.351 0.857434
0.352 0.856536
0.353 0.815579
0.354 0.86918
0.355 0.911977
0.356 0.894356
0.357 0.913581
0.358 0.885525
0.359 0.907133
0.36 0.957581
0.361 0.947942
0.362 0.974032
0.363 0.931546
0.364 0.946783
0.365 0.91872
0.366 0.932572
0.367 0.94308
0.368 0.96926
0.369 1.00447
0.37 1.05124
0.371 1.07347
0.372 1.08861
0.373 1.06147
0.374 1.02639
0.375 0.997145
0.376 1.00002
0.377 1.01006
0.378 0.934481
0.379 0.915855
0.38 0.894966
0.381 0.846028
0.382 0.781244
0.383 0.796072
0.384 0.774609
0.385 0.772257
0.386 0.75143
0.387 0.756879
0.388 0.717977
0.389 0.686475
0.39 0.707365
0.391 0.718373
0.392 0.705653
0.393 0.705037
0.394 0.735947
0.395 0.721249
0.396 0.743393
0.397 0.777985
0.398 0.787525
0.399 0.830988
0.4 0.772833
0.401 0.729157
0.402 0.696978
0.403 0.697387
0.404 0.64926
0.405 0.689021
0.406 0.708228
0.407 0.699464
0.408 0.647338
0.409 0.672147
0.41 0.677932
0.411 0.690257
0.412 0.670524
0.413 0.685239
0.414 0.713039
0.415 0.701268
0.416 0.707899
0.417 0.692692
0.418 0.681997
0.419 0.675716
0.42 0.61301
0.421 0.536399
0.422 0.522834
0.423 0.536293
0.424 0.530279
0.425 0.53465
0.426 0.547472
0.427 0.54463
0.428 0.479766
0.429 0.519573
0.43 0.473165
0.431 0.417918
0.432 0.413836
0.433 0.432764
0.434 0.400472
0.435 0.403964
0.436 0.387804
0.437 0.402942
0.438 0.378788
0.439 0.353435
0.44 0.3611
0.441 0.387772
0.442 0.31044
0.443 0.306212
0.444 0.274779
0.445 0.260772
0.446 0.247076
0.447 0.297777
0.448 0.345385
0.449 0.324346
0.45 0.302664
0.451 0.284942
0.452 0.251267
0.453 0.293811
0.454 0.306823
0.455 0.301446
0.456 0.313763
0.457 0.326589
0.458 0.319257
0.459 0.333345
0.46 0.34187
0.461 0.36501
0.462 0.334108
0.463 0.363069
0.464 0.263065
0.465 0.273927
0.466 0.294855
0.467 0.304111
0.468 0.316288
0.469 0.275482
0.47 0.302376
0.471 0.313318
0.472 0.365332
0.473 0.358638
0.474 0.338807
0.475 0.34913
0.476 0.347183
0.477 0.348187
0.478 0.298926
0.479 0.280634
0.48 0.233591
0.481 0.207679
0.482 0.203195
0.483 0.200515
0.484 0.185931
0.485 0.173136
0.486 0.232516
0.487 0.17931
0.488 0.191124
0.489 0.229625
0.49 0.176198
0.491 0.141765
0.492 0.18239
0.493 0.205119
0.494 0.229734
0.495 0.234724
0.496 0.269787
0.497 0.262625
0.498 0.214335
0.499 0.258959
0.5 0.280097
0.501 0.251258
0.502 0.272846
0.503 0.255791
0.504 0.334823
0.505 0.320437
0.506 0.310226
0.507 0.325344
0.508 0.333825
0.509 0.3468
0.51 0.310732
0.511 0.315555
0.512 0.328736
0.513 0.306945
0.514 0.311457
0.515 0.335023
0.516 0.357759
0.517 0.331182
0.518 0.29832
0.519 0.295147
0.52 0.272993
0.521 0.302778
0.522 0.284663
0.523 0.325183
0.524 0.367177
0.525 0.37222
0.526 0.310608
0.527 0.325291
0.528 0.328504
0.529 0.369812
0.53 0.395644
0.531 0.385609
0.532 0.366046
0.533 0.35542
0.534 0.340376
0.535 0.280528
0.536 0.261083
0.537 0.257825
0.538 0.23796
0.539 0.205609
0.54 0.190589
0.541 0.17786
0.542 0.126752
0.543 0.112305
0.544 0.111728
0.545 0.0841124
0.546 0.0890634
0.547 0.0822395
0.548 0.11128
0.549 0.114855
0.55 0.1158
0.551 0.0800606
0.552 0.0783177
0.553 0.059376
0.554 0.0865768
0.555 0.143477
0.556 0.146034
0.557 0.154299
0.558 0.0943089
0.559 0.141754
0.56 0.130844
0.561 0.134752
0.562 0.137106
0.563 0.13602
0.564 0.150693
0.565 0.161869
0.566 0.170824
0.567 0.137242
0.568 0.185379
0.569 0.135486
0.57 0.127528
0.571 0.119334
0.572 0.110476
0.573 0.0694674
0.574 0.0828425
0.575 0.0360658
0.576 0.016987
0.577 -0.0122479
0.578 0.00189322
0.579 0.0146356
0.58 0.000782598
0.581 0.0266472
0.582 0.00682205
0.583 0.00243316
0.584 -0.0291032
0.585 -0.0674411
0.586 -0.141913
0.587 -0.1741
0.588 -0.198296
0.589 -0.256639
0.59 -0.259981
0.591 -0.312698
0.592 -0.318443
0.593 -0.298944
0.594 -0.286306
0.595 -0.319936
0.596 -0.28262
0.597 -0.249952
0.598 -0.226756
0.599 -0.193605
0.6 -0.187279
0.601 -0.229438
0.602 -0.18455
0.603 -0.187782
0.604 -0.217776
0.605 -0.187371
0.606 -0.0966692
0.607 -0.0633395
0.608 -0.0786551
0.609 -0.0670382
0.61 -0.0762933
0.611 -0.0731804
0.612 -0.0897952
0.613 -0.0834676
0.614 -0.071198
0.615 -0.0814074
0.616 -0.101517
0.617 -0.0969443
0.618 -0.109728
0.619 -0.0806082
0.62 -0.13197
0.621 -0.112602
0.622 -0.145465
0.623 -0.122282
0.624 -0.151993
0.625 -0.137086
0.626 -0.155782
0.627 -0.111956
0.628 -0.127345
0.629 -0.109144
0.63 -0.122552
0.631 -0.127934
0.632 -0.0793346
0.633 -0.0608848
0.634 -0.0655076
0.635 -0.0884165
0.636 -0.129116
0.637 -0.113357
0.638 -0.0706144
0.639 -0.0522547
0.64 -0.11242
0.641 -0.097604
0.642 -0.107533
0.643 -0.0974008
0.644 -0.165923
0.645 -0.223599
0.646 -0.26651
0.647 -0.297345
0.648 -0.332993
0.649 -0.325626
0.65 -0.306297
0.651 -0.287753
0.652 -0.284949
0.653 -0.282403
0.654 -0.260658
0.655 -0.321001
0.656 -0.299016
0.657 -0.241058
0.658 -0.257274
0.659 -0.253257
0.66 -0.275204
0.661 -0.303841
0.662 -0.252127
0.663 -0.280983
0.664 -0.328873
0.665 -0.319692
0.666 -0.307417
0.667 -0.344062
0.668 -0.346943
0.669 -0.378099
0.67 -0.381992
0.671 -0.41396
0.672 -0.351064
0.673 -0.352051
0.674 -0.307649
0.675 -0.389747
0.676 -0.400116
0.677 -0.356942
0.678 -0.374972
0.679 -0.367982
0.68 -0.317986
0.681 -0.372182
0.682 -0.463917
0.683 -0.448412
0.684 -0.486617
0.685 -0.438598
0.686 -0.455737
0.687 -0.42904
0.688 -0.479901
0.689 -0.498007
0.69 -0.506634
0.691 -0.530572
0.692 -0.503766
0.693 -0.566407
0.694 -0.557166
0.695 -0.542372
0.696 -0.546196
0.697 -0.522695
0.698 -0.480055
0.699 -0.50161
0.7 -0.468845
0.701 -0.401599
0.702 -0.376791
0.703 -0.378944
0.704 -0.430146
0.705 -0.459862
0.706 -0.424854
0.707 -0.427142
0.708 -0.373881
0.709 -0.404762
0.71 -0.402236
0.711 -0.446186
0.712 -0.432066
0.713 -0.434469
0.714 -0.43327
0.715 -0.484471
0.716 -0.505574
0.717 -0.490844
0.718 -0.485619
0.719 -0.503296
0.72 -0.475414
0.721 -0.47299
0.722 -0.483194
0.723 -0.469918
0.724 -0.466228
0.725 -0.512964
0.726 -0.447009
0.727 -0.414621
0.728 -0.419665
0.729 -0.36282
0.73 -0.432563
0.731 -0.467029
0.732 -0.503492
0.733 -0.491227
0.734 -0.416929
0.735 -0.449987
0.736 -0.421097
0.737 -0.40432
0.738 -0.379818
0.739 -0.364277
0.74 -0.352336
0.741 -0.350613
0.742 -0.336104
0.743 -0.382606
0.744 -0.419774
0.745 -0.355437
0.746 -0.397892
0.747 -0.419991
0.748 -0.401688
0.749 -0.391858
0.75 -0.437296
0.751 -0.458076
0.752 -0.427875
0.753 -0.465462
0.754 -0.502243
0.755 -0.445308
0.756 -0.43615
0.757 -0.467797
0.758 -0.533006
0.759 -0.499235
0.76 -0.516099
0.761 -0.549966
0.762 -0.584848
0.763 -0.573779
0.764 -0.559065
0.765 -0.598124
0.766 -0.586193
0.767 -0.57139
0.768 -0.653335
0.769 -0.627693
0.77 -0.586314
0.771 -0.596531
0.772 -0.596718
0.773 -0.603843
0.774 -0.564992
0.775 -0.525522
0.776 -0.532924
0.777 -0.475109
0.778 -0.463985
0.779 -0.422632
0.78 -0.464002
0.781 -0.473661
0.782 -0.486309
0.783 -0.464992
0.784 -0.461955
0.785 -0.451843
0.786 -0.488411
0.787 -0.489345
0.788 -0.415203
0.789 -0.41402
0.79 -0.454827
0.791 -0.464761
0.792 -0.465351
0.793 -0.456733
0.794 -0.404626
0.795 -0.407644
0.796 -0.37582
0.797 -0.362615
0.798 -0.36679
0.799 -0.361243
0.8 -0.276674
0.801 -0.234956
0.802 -0.209289
0.803 -0.325417
0.804 -0.283855
0.805 -0.3007
0.806 -0.343298
0.807 -0.336105
0.808 -0.325731
0.809 -0.354397
0.81 -0.306404
0.811 -0.369072
0.812 -0.44774
0.813 -0.438259
0.814 -0.446281
0.815 -0.448473
0.816 -0.475883
0.817 -0.43257
0.818 -0.38775
0.819 -0.40035
0.82 -0.337076
0.821 -0.401761
0.822 -0.430591
0.823 -0.400673
0.824 -0.421104
0.825 -0.391239
0.826 -0.406562
0.827 -0.423325
0.828 -0.409052
0.829 -0.454554
0.83 -0.352311
0.831 -0.336292
0.832 -0.314747
0.833 -0.301029
0.834 -0.292382
0.835 -0.277634
0.836 -0.275832
0.837 -0.243873
0.838 -0.295226
0.839 -0.28956
0.84 -0.25658
0.841 -0.251375
0.842 -0.263895
0.843 -0.284324
0.844 -0.284719
0.845 -0.276586
0.846 -0.290841
0.847 -0.318051
0.848 -0.322276
0.849 -0.299729
0.85 -0.295632
0.851 -0.273522
0.852 -0.25392
0.853 -0.292821
0.854 -0.244529
0.855 -0.243283
0.856 -0.218759
0.857 -0.222857
0.858 -0.235042
0.859 -0.258332
0.86 -0.243484
0.861 -0.236854
0.862 -0.229934
0.863 -0.203668
0.864 -0.21569
0.865 -0.244141
0.866 -0.234236
0.867 -0.20007
0.868 -0.161585
0.869 -0.143942
0.87 -0.127387
0.871 -0.0897689
0.872 -0.0884983
0.873 -0.0464089
0.874 -0.090532
0.875 -0.0854778
0.876 -0.0484758
0.877 -0.042642
0.878 -0.0136075
0.879 -0.0179981
0.88 -0.0469779
0.881 -0.0679161
0.882 -0.0460249
0.883 -0.0521959
0.884 -0.049475
0.885 -0.0565085
0.886 -0.120942
0.887 -0.138936
0.888 -0.162746
0.889 -0.161625
0.89 -0.166225
0.891 -0.18085
0.892 -0.190793
0.893 -0.212194
0.894 -0.202196
0.895 -0.170174
0.896 -0.195741
0.897 -0.18143
0.898 -0.158228
0.899 -0.128048
0.9 -0.0932566
0.901 -0.0801114
0.902 -0.144946
0.903 -0.118595
0.904 -0.102893
0.905 -0.110643
0.906 -0.152406
0.907 -0.137099
0.908 -0.140576
0.909 -0.0810813
0.91 -0.0914681
0.911 -0.0452845
0.912 0.0315993
0.913 0.0223283
0.914 0.0497294
0.915 0.0169103
0.916 0.0687053
0.917 0.0720306
0.918 0.0559581
0.919 0.0519641
0.92 0.00880794
0.921 -0.0118666
0.922 -0.0106914
0.923 -0.0574266
0.924 -0.0852688
0.925 -0.109472
0.926 -0.114977
0.927 -0.131643
0.928 -0.13673
0.929 -0.131561
0.93 -0.160965
0.931 -0.116744
0.932 -0.142223
0.933 -0.165698
0.934 -0.136162
0.935 -0.114042
0.936 -0.117953
0.937 -0.0688038
0.938 -0.116158
0.939 -0.125201
0.94 -0.102342
0.941 -0.0993605
0.942 -0.108653
0.943 -0.105366
0.944 -0.105712
0.945 -0.147727
0.946 -0.132031
0.947 -0.146176
0.948 -0.140631
0.949 -0.144236
0.95 -0.127341
0.951 -0.0865797
0.952 -0.100455
0.953 -0.063731
0.954 -0.0747249
0.955 -0.0748425
0.956 -0.0679264
0.957 -0.0407188
0.958 -0.109619
0.959 -0.128648
0.96 -0.110243
0.961 -0.130559
0.962 -0.144855
0.963 -0.117024
0.964 -0.116915
0.965 -0.12197
0.966 -0.0675502
0.967 -0.0711351
0.968 -0.0621624
0.969 -0.107055
0.97 -0.0879469
0.971 -0.0813642
0.972 -0.105579
0.973 -0.130156
0.974 -0.10647
0.975 -0.134799
0.976 -0.143711
0.977 -0.163516
0.978 -0.185708
0.979 -0.203836
0.98 -0.203216
0.981 -0.192267
0.982 -0.187785
0.983 -0.234838
0.984 -0.229342
0.985 -0.247979
0.986 -0.241588
0.987 -0.23031
0.988 -0.216928
0.989 -0.245301
0.99 -0.220108
0.991 -0.167178
0.992 -0.138236
0.993 -0.156055
0.994 -0.190426
0.995 -0.177848
0.996 -0.171552
0.997 -0.176278
0.998 -0.174157
0.999 -0.230803
1 -0.213598
1.001 -0.222145
1.002 -0.208941
1.003 -0.168736
1.004 -0.156266
1.005 -0.150109
1.006 -0.214498
1.007 -0.198009
1.008 -0.217198
1.009 -0.186376
1.01 -0.22174
1.011 -0.230562
1.012 -0.236259
1.013 -0.261552
1.014 -0.328288
1.015 -0.357957
1.016 -0.373537
1.017 -0.407186
1.018 -0.348051
1.019 -0.323698
1.02 -0.2928
1.021 -0.277039
1.022 -0.300687
1.023 -0.303108
1.024 -0.335838
1.025 -0.31301
1.026 -0.324527
1.027 -0.301127
1.028 -0.263144
1.029 -0.257421
1.03 -0.286037
1.031 -0.268262
1.032 -0.239965
1.033 -0.212975
1.034 -0.215798
1.035 -0.228556
1.036 -0.236967
1.037 -0.257185
1.038 -0.247988
1.039 -0.220429
1.04 -0.238423
1.041 -0.214286
1.042 -0.20683
1.043 -0.203625
1.044 -0.19968
1.045 -0.216574
1.046 -0.180245
1.047 -0.202775
1.048 -0.194687
1.049 -0.197323
1.05 -0.234113
1.051 -0.218105
1.052 -0.224467
1.053 -0.248725
1.054 -0.263388
1.055 -0.285261
1.056 -0.326217
1.057 -0.28609
1.058 -0.330011
1.059 -0.34926
1.06 -0.319549
1.061 -0.34328
1.062 -0.327271
1.063 -0.266504
1.064 -0.30467
1.065 -0.300859
1.066 -0.314778
1.067 -0.28692
1.068 -0.301972
1.069 -0.339541
1.07 -0.310418
1.071 -0.318535
1.072 -0.311901
1.073 -0.386465
1.074 -0.465128
1.075 -0.481885
1.076 -0.514832
1.077 -0.449836
1.078 -0.391447
1.079 -0.406795
1.08 -0.414844
1.081 -0.416552
1.082 -0.40827
1.083 -0.457163
1.084 -0.459154
1.085 -0.474933
1.086 -0.503739
1.087 -0.515127
1.088 -0.497376
1.089 -0.493292
1.09 -0.515953
1.091 -0.575469
1.092 -0.608542
1.093 -0.627381
1.094 -0.647241
1.095 -0.627942
1.096 -0.635692
1.097 -0.674514
1.098 -0.640163
1.099 -0.618723
1.1 -0.612683
1.101 -0.606132
1.102 -0.613738
1.103 -0.59625
1.104 -0.624545
1.105 -0.595361
1.106 -0.605673
1.107 -0.601707
1.108 -0.65215
1.109 -0.623595
1.11 -0.621758
1.111 -0.662752
1.112 -0.63709
1.113 -0.621384
1.114 -0.658198
1.115 -0.641281
1.116 -0.663493
1.117 -0.636504
1.118 -0.617483
1.119 -0.660567
1.12 -0.665844
1.121 -0.645715
1.122 -0.595498
1.123 -0.604221
1.124 -0.615541
1.125 -0.584428
1.126 -0.613743
1.127 -0.588131
1.128 -0.545469
1.129 -0.555032
1.13 -0.558526
1.131 -0.630371
1.132 -0.669682
1.133 -0.632233
1.134 -0.599246
1.135 -0.586054
1.136 -0.540343
1.137 -0.524064
1.138 -0.561658
1.139 -0.569955
1.14 -0.622865
1.141 -0.619645
1.142 -0.645969
1.143 -0.693297
1.144 -0.728966
1.145 -0.748136
1.146 -0.744224
1.147 -0.726696
1.148 -0.73098
1.149 -0.771212
1.15 -0.768394
1.151 -0.690326
1.152 -0.674645
1.153 -0.713486
1.154 -0.682647
1.155 -0.658801
1.156 -0.640567
1.157 -0.637125
1.158 -0.632046
1.159 -0.640308
1.16 -0.599433
1.161 -0.665486
1.162 -0.62379
1.163 -0.592039
1.164 -0.539916
1.165 -0.516095
1.166 -0.486551
1.167 -0.513378
1.168 -0.574358
1.169 -0.556768
1.17 -0.578775
1.171 -0.546023
1.172 -0.516745
1.173 -0.518957
1.174 -0.501008
1.175 -0.529501
1.176 -0.489017
1.177 -0.513144
1.178 -0.535194
1.179 -0.54654
1.18 -0.547223
1.181 -0.553992
1.182 -0.527334
1.183 -0.520461
1.184 -0.535076
1.185 -0.564545
1.186 -0.566264
1.187 -0.577637
1.188 -0.59441
1.189 -0.605064
1.19 -0.613862
1.191 -0.649122
1.192 -0.659781
1.193 -0.645577
1.194 -0.612417
1.195 -0.590574
1.196 -0.630398
1.197 -0.666562
1.198 -0.702739
1.199 -0.681238
1.2 -0.724623
1.201 -0.735401
1.202 -0.729242
1.203 -0.689637
1.204 -0.712511
1.205 -0.668524
1.206 -0.636772
1.207 -0.631419
1.208 -0.605952
1.209 -0.588264
1.21 -0.573634
1.211 -0.579972
1.212 -0.572341
1.213 -0.547988
1.214 -0.530388
1.215 -0.524993
1.216 -0.548409
1.217 -0.528102
1.218 -0.587511
1.219 -0.598636
1.22 -0.57378
1.221 -0.52325
1.222 -0.541243
1.223 -0.52828
1.224 -0.514656
1.225 -0.465982
1.226 -0.447049
1.227 -0.491749
1.228 -0.520328
1.229 -0.506711
1.23 -0.485753
1.231 -0.440727
1.232 -0.406119
1.233 -0.443986
1.234 -0.464039
1.235 -0.48995
1.236 -0.519041
1.237 -0.485629
1.238 -0.500862
1.239 -0.51684
1.24 -0.487577
1.241 -0.516718
1.242 -0.478514
1.243 -0.527756
1.244 -0.511958
1.245 -0.542847
1.246 -0.55254
1.247 -0.533393
1.248 -0.52578
1.249 -0.514382
1.25 -0.532517
1.251 -0.558868
1.252 -0.528894
1.253 -0.53998
1.254 -0.562593
1.255 -0.590609
1.256 -0.635168
1.257 -0.67837
1.258 -0.712111
1.259 -0.697884
1.26 -0.647275
1.261 -0.637428
1.262 -0.583831
1.263 -0.632338
1.264 -0.590294
1.265 -0.576145
1.266 -0.508689
1.267 -0.548687
1.268 -0.541809
1.269 -0.552641
1.27 -0.560571
1.271 -0.539505
1.272 -0.529195
1.273 -0.528559
1.274 -0.522347
1.275 -0.501818
1.276 -0.526094
1.277 -0.497183
1.278 -0.488714
1.279 -0.506356
1.28 -0.468164
1.281 -0.497821
1.282 -0.470395
1.283 -0.475044
1.284 -0.474698
1.285 -0.49236
1.286 -0.509622
1.287 -0.508
1.288 -0.525014
1.289 -0.55409
1.29 -0.570054
1.291 -0.597525
1.292 -0.577147
1.293 -0.63125
1.294 -0.627358
1.295 -0.601323
1.296 -0.601563
1.297 -0.593114
1.298 -0.574426
1.299 -0.62293
1.3 -0.637308
1.301 -0.676159
1.302 -0.700917
1.303 -0.653641
1.304 -0.578259
1.305 -0.571135
1.306 -0.549578
1.307 -0.475163
1.308 -0.424377
1.309 -0.417097
1.31 -0.398027
1.311 -0.466471
1.312 -0.417562
1.313 -0.453927
1.314 -0.442344
1.315 -0.431655
1.316 -0.424068
1.317 -0.423592
1.318 -0.390395
1.319 -0.368483
1.32 -0.399323
1.321 -0.348589
1.322 -0.351618
1.323 -0.286185
1.324 -0.262438
1.325 -0.305522
1.326 -0.295151
1.327 -0.264895
1.328 -0.283809
1.329 -0.287076
1.33 -0.232431
1.331 -0.271188
1.332 -0.245498
1.333 -0.232404
1.334 -0.217429
1.335 -0.278971
1.336 -0.277169
1.337 -0.326669
1.338 -0.318248
1.339 -0.279004
1.34 -0.276458
1.341 -0.31278
1.342 -0.317965
1.343 -0.339081
1.344 -0.343554
1.345 -0.290938
1.346 -0.30007
1.347 -0.273028
1.348 -0.31023
1.349 -0.273358
1.35 -0.273856
1.351 -0.220763
1.352 -0.234756
1.353 -0.223057
1.354 -0.180168
1.355 -0.158915
1.356 -0.179462
1.357 -0.242764
1.358 -0.275057
1.359 -0.294371
1.36 -0.270496
1.361 -0.229693
1.362 -0.26395
1.363 -0.230621
1.364 -0.265448
1.365 -0.31975
1.366 -0.250014
1.367 -0.187949
1.368 -0.126853
1.369 -0.0954372
1.37 -0.0646887
1.371 -0.10318
1.372 -0.1407
1.373 -0.100189
1.374 -0.0790269
1.375 -0.108652
1.376 -0.11519
1.377 -0.143687
1.378 -0.178342
1.379 -0.186069
1.38 -0.189942
1.381 -0.171177
1.382 -0.165202
1.383 -0.107224
1.384 -0.0730832
1.385 -0.0139258
1.386 -0.0283931
1.387 0.0377799
1.388 0.0167784
1.389 0.0156462
1.39 0.0292695
1.391 -0.0169396
1.392 -0.0333324
1.393 -0.0170756
1.394 -0.0492318
1.395 -0.0191876
1.396 0.0207587
1.397 0.0201061
1.398 0.0305848
1.399 0.0286026
1.4 0.00237164
1.401 0.0450577
1.402 0.0402543
1.403 0.038303
1.404 0.0560958
1.405 0.0191754
1.406 0.0240138
1.407 -0.00505339
1.408 0.00486731
1.409 -0.00903035
1.41 -0.0205019
1.411 -0.0131091
1.412 -0.0497127
1.413 -0.0867683
1.414 -0.0866305
1.415 -0.097384
1.416 -0.0591877
1.417 -0.0167417
1.418 -0.0333118
1.419 -0.0416893
1.42 -0.0351196
1.421 -0.0633538
1.422 -0.0156936
1.423 0.0399945
1.424 0.0581928
1.425 0.0681145
1.426 0.138584
1.427 0.153584
1.428 0.152108
1.429 0.143598
1.43 0.146211
1.431 0.107144
1.432 0.135502
1.433 0.0858353
1.434 0.0606998
1.435 0.0589128
1.436 0.0914592
1.437 0.0691519
1.438 0.130536
1.439 0.146343
1.44 0.148709
1.441 0.145447
1.442 0.107211
1.443 0.0995655
1.444 0.0967735
1.445 0.128589
1.446 0.119502
1.447 0.119931
1.448 0.103509
1.449 0.0581473
1.45 0.0765684
1.451 0.090066
1.452 0.0948246
1.453 0.15521
1.454 0.11868
1.455 0.140353
1.456 0.123727
1.457 0.0908119
1.458 0.0577617
1.459 0.0157795
1.46 -0.0295335
1.461 0.00816956
1.462 0.0745663
1.463 0.124067
1.464 0.0940749
1.465 0.136101
1.466 0.086884
1.467 0.119198
1.468 0.117313
1.469 0.132045
1.47 0.112637
1.471 0.149675
1.472 0.124353
1.473 0.164265
1.474 0.110239
1.475 0.118589
1.476 0.122385
1.477 0.105675
1.478 0.111944
1.479 0.130931
1.48 0.114511
1.481 0.081268
1.482 0.0713047
1.483 0.121807
1.484 0.125746
1.485 0.161998
1.486 0.122555
1.487 0.154918
1.488 0.184172
1.489 0.221993
1.49 0.17564
1.491 0.179724
1.492 0.202934
1.493 0.179515
1.494 0.208813
1.495 0.207093
1.496 0.223836
1.497 0.267057
1.498 0.27441
1.499 0.283899
1.5 0.314052
1.501 0.296725
1.502 0.326489
1.503 0.340607
1.504 0.315565
1.505 0.286206
1.506 0.252844
1.507 0.284338
1.508 0.268075
1.509 0.200775
1.51 0.216617
1.511 0.233895
1.512 0.235812
1.513 0.225183
1.514 0.242482
1.515 0.208878
1.516 0.196325
1.517 0.137262
1.518 0.186685
1.519 0.165647
1.52 0.168889
1.521 0.225318
1.522 0.264824
1.523 0.264768
1.524 0.311819
1.525 0.31377
1.526 0.312798
1.527 0.359554
1.528 0.312087
1.529 0.33257
1.53 0.274894
1.531 0.232997
1.532 0.216501
1.533 0.236376
1.534 0.17351
1.535 0.178457
1.536 0.132631
1.537 0.0954854
1.538 0.105603
1.539 0.105123
1.54 0.102782
1.541 0.132368
1.542 0.123427
1.543 0.14156
1.544 0.150618
1.545 0.164485
1.546 0.213947
1.547 0.222627
1.548 0.239801
1.549 0.233665
1.55 0.234598
1.551 0.27521
1.552 0.318553
1.553 0.273961
1.554 0.30436
1.555 0.242902
1.556 0.179708
1.557 0.122896
1.558 0.135057
1.559 0.0981575
1.56 0.0894519
1.561 0.112264
1.562 0.147133
1.563 0.157383
1.564 0.141528
1.565 0.119936
1.566 0.103634
1.567 0.138544
1.568 0.0743261
1.569 0.111235
1.57 0.0950874
1.571 0.0547183
1.572 0.0720783
1.573 0.0416106
1.574 0.0185196
1.575 0.0435952
1.576 0.068332
1.577 0.0905258
1.578 0.0880471
1.579 0.0424876
1.58 0.0267049
1.581 0.0083957
1.582 0.0260758
1.583 0.0322058
1.584 0.0619018
1.585 0.150058
1.586 0.160298
1.587 0.170332
1.588 0.157111
1.589 0.194694
1.59 0.180064
1.591 0.204791
1.592 0.155445
1.593 0.167442
1.594 0.147711
1.595 0.192908
1.596 0.216092
1.597 0.213239
1.598 0.2574
1.599 0.223749
1.6 0.241795
1.601 0.259878
1.602 0.275819
1.603 0.318518
1.604 0.321777
1.605 0.298898
1.606 0.284582
1.607 0.297701
1.608 0.273115
1.609 0.249121
1.61 0.284647
1.611 0.3335
1.612 0.370356
1.613 0.425804
1.614 0.368599
1.615 0.371
1.616 0.385555
1.617 0.344091
1.618 0.324325
1.619 0.337123
1.62 0.308204
1.621 0.358635
1.622 0.380747
1.623 0.423316
1.624 0.411159
1.625 0.429615
1.626 0.377942
1.627 0.414793
1.628 0.413793
1.629 0.406635
1.63 0.380804
1.631 0.354342
1.632 0.341795
1.633 0.363295
1.634 0.327
1.635 0.354179
1.636 0.289803
1.637 0.242863
1.638 0.252436
1.639 0.214781
1.64 0.237762
1.641 0.275706
1.642 0.250642
1.643 0.22472
1.644 0.228803
1.645 0.217881
1.646 0.253282
1.647 0.24324
1.648 0.315978
1.649 0.314643
1.65 0.347445
1.651 0.358395
1.652 0.361857
1.653 0.344008
1.654 0.332489
1.655 0.349674
1.656 0.341067
1.657 0.340003
1.658 0.390223
1.659 0.373476
1.66 0.34382
1.661 0.334928
1.662 0.364608
1.663 0.360124
1.664 0.377868
1.665 0.412818
1.666 0.439232
1.667 0.44092
1.668 0.394952
1.669 0.39628
1.67 0.424656
1.671 0.447019
1.672 0.432153
1.673 0.404133
1.674 0.375988
1.675 0.393434
1.676 0.43082
1.677 0.420009
1.678 0.383186
1.679 0.397006
1.68 0.406793
1.681 0.446318
1.682 0.441955
1.683 0.423128
1.684 0.450391
1.685 0.443487
1.686 0.473078
1.687 0.50188
1.688 0.448298
1.689 0.432142
1.69 0.496605
1.691 0.546603
1.692 0.502613
1.693 0.531882
1.694 0.543079
1.695 0.527647
1.696 0.583801
1.697 0.544405
1.698 0.525352
1.699 0.483208
1.7 0.538873
1.701 0.536793
1.702 0.538146
1.703 0.554922
1.704 0.535197
1.705 0.521575
1.706 0.544177
1.707 0.520232
1.708 0.558749
1.709 0.541543
1.71 0.511353
1.711 0.501762
1.712 0.475085
1.713 0.430153
1.714 0.469737
1.715 0.521227
1.716 0.534545
1.717 0.55494
1.718 0.522637
1.719 0.506588
1.72 0.537729
1.721 0.530575
1.722 0.570826
1.723 0.612434
1.724 0.624672
1.725 0.63279
1.726 0.624327
1.727 0.687518
1.728 0.683665
1.729 0.664618
1.73 0.720769
1.731 0.71484
1.732 0.745569
1.733 0.817185
1.734 0.821577
1.735 0.83294
1.736 0.795522
1.737 0.776613
1.738 0.776246
1.739 0.818083
1.74 0.795466
1.741 0.789013
1.742 0.715088
1.743 0.743492
1.744 0.767338
1.745 0.749355
1.746 0.740069
1.747 0.688359
1.748 0.672167
1.749 0.670089
1.75 0.643334
1.751 0.703739
1.752 0.746304
1.753 0.773836
1.754 0.802615
1.755 0.805359
1.756 0.798861
1.757 0.839185
1.758 0.828842
1.759 0.871896
1.76 0.834025
1.761 0.780654
1.762 0.826696
1.763 0.879992
1.764 0.865735
1.765 0.910813
1.766 0.950515
1.767 0.96339
1.768 0.97248
1.769 0.946289
1.77 0.928722
1.771 0.967921
1.772 1.00868
1.773 1.01486
1.774 1.0113
1.775 1.02787
1.776 1.01306
1.777 1.02646
1.778 1.02431
1.779 0.989577
1.78 0.983547
1.781 0.969876
1.782 0.971703
1.783 0.948225
1.784 0.938212
1.785 0.906133
1.786 0.912448
1.787 0.851046
1.788 0.815493
1.789 0.831436
1.79 0.780712
1.791 0.779955
1.792 0.784872
1.793 0.762215
1.794 0.789758
1.795 0.79602
1.796 0.800196
1.797 0.757475
1.798 0.798881
1.799 0.845842
1.8 0.859967
1.801 0.843479
1.802 0.835787
1.803 0.852709
1.804 0.843897
1.805 0.785522
1.806 0.81761
1.807 0.845835
1.808 0.828357
1.809 0.820294
1.81 0.814329
1.811 0.797545
1.812 0.799235
1.813 0.82593
1.814 0.854728
1.815 0.946277
1.816 0.936031
1.817 0.906889
1.818 0.964429
1.819 0.963743
1.82 0.948115
1.821 0.968006
1.822 0.933331
1.823 0.969648
1.824 0.982013
1.825 0.931284
1.826 0.969548
1.827 0.946047
1.828 0.920405
1.829 0.933878
1.83 0.94611
1.831 0.9232
1.832 0.945195
1.833 0.965207
1.834 0.975982
1.835 0.986823
1.836 1.02924
1.837 1.0744
1.838 1.02796
1.839 1.0057
1.84 1.01775
1.841 0.948862
1.842 0.997086
1.843 0.991442
1.844 1.00776
1.845 1.00571
1.846 1.04076
1.847 1.0563
1.848 1.04835
1.849 1.08126
1.85 1.06507
1.851 1.04942
1.852 1.08048
1.853 1.01887
1.854 1.01588
1.855 1.03002
1.856 1.08334
1.857 1.04819
1.858 1.05762
1.859 1.06699
1.86 1.05151
1.861 1.0509
1.862 1.04167
1.863 0.989177
1.864 0.987641
1.865 1.01003
1.866 1.02
1.867 0.981801
1.868 0.963125
1.869 0.973313
1.87 0.948878
1.871 0.947421
1.872 0.958208
1.873 0.919102
1.874 0.892362
1.875 0.917684
1.876 0.902254
1.877 0.887087
1.878 0.860725
1.879 0.897421
1.88 0.939316
1.881 0.959917
1.882 1.00959
1.883 1.02205
1.884 0.973988
1.885 0.978899
1.886 1.01235
1.887 1.02066
1.888 1.02361
1.889 0.961439
1.89 0.977868
1.891 0.94661
1.892 0.892385
1.893 0.815642
1.894 0.838559
1.895 0.818665
1.896 0.798753
1.897 0.769027
1.898 0.817233
1.899 0.796112
1.9 0.821021
1.901 0.87234
1.902 0.825771
1.903 0.822434
1.904 0.873542
1.905 0.899186
1.906 0.934895
1.907 0.942234
1.908 0.931364
1.909 0.893558
1.91 0.884986
1.911 0.897739
1.912 0.886479
1.913 0.853132
1.914 0.804481
1.915 0.827888
1.916 0.79859
1.917 0.772609
1.918 0.795835
1.919 0.833763
1.92 0.902781
1.921 0.902914
1.922 0.912051
1.923 0.917908
1.924 0.949222
1.925 0.96659
1.926 0.956089
1.927 0.921671
1.928 0.930989
1.929 0.983239
1.93 0.939166
1.931 0.991177
1.932 0.973764
1.933 1.01559
1.934 1.01176
1.935 1.02087
1.936 0.992471
1.937 1.01266
1.938 1.04447
1.939 1.04713
1.94 1.06689
1.941 1.01919
1.942 0.996651
1.943 0.961262
1.944 0.986801
1.945 1.01712
1.946 1.02943
1.947 1.08522
1.948 1.06427
1.949 1.0092
1.95 1.06439
1.951 1.05492
1.952 1.00889
1.953 1.07115
1.954 1.04772
1.955 1.08256
1.956 1.01312
1.957 0.982015
1.958 1.01284
1.959 1.04695
1.96 1.05809
1.961 1.02697
1.962 1.03239
1.963 1.06778
1.964 1.11215
1.965 1.08062
1.966 1.05706
1.967 1.07324
1.968 1.02567
1.969 1.02644
1.97 1.01146
1.971 1.02795
1.972 1.03865
1.973 1.06482
1.974 1.06422
1.975 1.03652
1.976 1.04707
1.977 1.13628
1.978 1.12188
1.979 1.1147
1.98 1.13338
1.981 1.17769
1.982 1.24588
1.983 1.21956
1.984 1.2533
1.985 1.26061
1.986 1.19527
1.987 1.21638
1.988 1.23984
1.989 1.24163
1.99 1.23037
1.991 1.18321
1.992 1.15355
1.993 1.13356
1.994 1.12844
1.995 1.15977
1.996 1.11673
1.997 1.10719
1.998 1.08393
1.999 1.08235
2 1.13981
2.001 1.13606
2.002 1.11682
2.003 1.14801
2.004 1.16043
2.005 1.09673
2.006 1.06843
2.007 1.03473
2.008 1.04807
2.009 1.03586
2.01 1.03892
2.011 1.03929
2.012 0.993827
2.013 1.0941
2.014 1.12498
2.015 1.07716
2.016 1.06884
2.017 1.05555
2.018 1.07589
2.019 1.08889
2.02 1.06372
2.021 1.03593
2.022 1.0664
2.023 1.08564
2.024 1.05741
2.025 0.988014
2.026 1.03302
2.027 0.989991
2.028 0.967278
2.029 0.943322
2.03 0.985753
2.031 0.972899
2.032 0.95089
2.033 0.947655
2.034 0.959853
2.035 0.944897
2.036 0.969828
2.037 0.972197
2.038 1.00014
2.039 0.947662
2.04 0.986318
2.041 0.982833
2.042 0.955803
2.043 0.977158
2.044 0.918659
2.045 0.891272
2.046 0.876355
2.047 0.84319
2.048 0.820682
2.049 0.810509
2.05 0.810179
2.051 0.813922
2.052 0.808913
2.053 0.821752
2.054 0.799749
2.055 0.817242
2.056 0.81916
2.057 0.834437
2.058 0.839751
2.059 0.822597
2.06 0.813146
2.061 0.772048
2.062 0.741884
2.063 0.708461
2.064 0.764507
2.065 0.790732
2.066 0.832726
2.067 0.835375
2.068 0.88567
2.069 0.893799
2.07 0.877086
2.071 0.837476
2.072 0.779067
2.073 0.827964
2.074 0.836855
2.075 0.814098
2.076 0.785177
2.077 0.79268
2.078 0.784562
2.079 0.771141
2.08 0.735435
2.081 0.734895
2.082 0.729102
2.083 0.706619
2.084 0.691404
2.085 0.738087
2.086 0.725232
2.087 0.704253
2.088 0.713765
2.089 0.719929
2.09 0.67484
2.091 0.672125
2.092 0.640406
2.093 0.649587
2.094 0.653529
2.095 0.681131
2.096 0.715231
2.097 0.744148
2.098 0.711569
2.099 0.75971
2.1 0.747332
2.101 0.788951
2.102 0.832621
2.103 0.805156
2.104 0.825328
2.105 0.777522
2.106 0.775902
2.107 0.805573
2.108 0.873179
2.109 0.888523
2.11 0.904203
2.111 0.91379
2.112 0.910885
2.113 0.901435
2.114 0.883758
2.115 0.853678
2.116 0.843624
2.117 0.831566
2.118 0.856868
2.119 0.914838
2.12 0.924234
2.121 0.883693
2.122 0.897802
2.123 0.864228
2.124 0.880471
2.125 0.841698
2.126 0.836052
2.127 0.847743
2.128 0.858696
2.129 0.850272
2.13 0.859663
2.131 0.848205
2.132 0.850969
2.133 0.793031
2.134 0.814618
2.135 0.831879
2.136 0.823952
2.137 0.837244
2.138 0.874491
2.139 0.917049
2.14 0.889956
2.141 0.9019
2.142 0.90882
2.143 0.893651
2.144 0.883346
2.145 0.929475
2.146 0.905139
2.147 0.852425
2.148 0.861209
2.149 0.829811
2.15 0.860561
2.151 0.894114
2.152 0.892678
2.153 0.916687
2.154 0.889626
2.155 0.892582
2.156 0.876556
2.157 0.839729
2.158 0.833314
2.159 0.865803
2.16 0.863399
2.161 0.895365
2.162 0.904183
2.163 0.944657
2.164 0.930275
2.165 1.00055
2.166 0.95895
2.167 0.933243
2.168 0.956151
2.169 0.897729
2.17 0.928821
2.171 0.951013
2.172 0.960155
2.173 0.971546
2.174 1.00456
2.175 1.02394
2.176 1.03943
2.177 1.00102
2.178 1.01279
2.179 0.996601
2.18 0.973519
2.181 0.953295
2.182 0.970576
2.183 0.968629
2.184 0.976952
2.185 0.961352
2.186 0.973352
2.187 0.97897
2.188 0.997194
2.189 1.06632
2.19 1.02763
2.191 1.0815
2.192 1.10348
2.193 1.13048
2.194 1.17533
2.195 1.1596
2.196 1.13253
2.197 1.12117
2.198 1.10505
2.199 1.18546
2.2 1.15904
2.201 1.15211
2.202 1.12321
2.203 1.092
2.204 1.11656
2.205 1.1172
2.206 1.11645
2.207 1.12244
2.208 1.13316
2.209 1.10486
2.21 1.15381
2.211 1.11161
2.212 1.09179
2.213 1.13231
2.214 1.12553
2.215 1.09314
2.216 1.06232
2.217 1.09054
2.218 1.03875
2.219 1.00859
2.22 0.980385
2.221 0.970873
2.222 0.998617
2.223 1.01262
2.224 0.959208
2.225 0.938527
2.226 0.881319
2.227 0.81669
2.228 0.780199
2.229 0.792902
2.23 0.747462
2.231 0.710901
2.232 0.716821
2.233 0.729206
2.234 0.690993
2.235 0.708356
2.236 0.690317
2.237 0.624651
2.238 0.602438
2.239 0.559749
2.24 0.496998
2.241 0.511336
2.242 0.543295
2.243 0.549819
2.244 0.533151
2.245 0.535268
2.246 0.534667
2.247 0.539384
2.248 0.47109
2.249 0.463458
2.25 0.419185
2.251 0.445014
2.252 0.477479
2.253 0.501182
2.254 0.539125
2.255 0.528664
2.256 0.533227
2.257 0.561808
2.258 0.58221
2.259 0.633424
2.26 0.686215
2.261 0.671218
2.262 0.657227
2.263 0.62121
2.264 0.629837
2.265 0.575383
2.266 0.553788
2.267 0.525979
2.268 0.456531
2.269 0.415065
2.27 0.448423
2.271 0.474207
2.272 0.474681
2.273 0.452135
2.274 0.452536
2.275 0.443228
2.276 0.423249
2.277 0.378651
2.278 0.428178
2.279 0.443734
2.28 0.479539
2.281 0.490484
2.282 0.454041
2.283 0.471285
2.284 0.460631
2.285 0.484449
2.286 0.504391
2.287 0.515625
2.288 0.541342
2.289 0.565296
2.29 0.59586
2.291 0.625671
2.292 0.615767
2.293 0.590816
2.294 0.5336
2.295 0.565645
2.296 0.508703
2.297 0.512498
2.298 0.545243
2.299 0.523068
2.3 0.563919
2.301 0.578065
2.302 0.56936
2.303 0.522705
2.304 0.53797
2.305 0.529788
2.306 0.51406
2.307 0.491923
2.308 0.441604
2.309 0.456053
2.31 0.44039
2.311 0.445049
2.312 0.458734
2.313 0.395763
2.314 0.386292
2.315 0.403702
2.316 0.383492
2.317 0.426725
2.318 0.429824
2.319 0.446966
2.32 0.433298
2.321 0.41789
2.322 0.452429
2.323 0.411627
2.324 0.435954
2.325 0.411153
2.326 0.416603
2.327 0.457605
2.328 0.421354
2.329 0.42387
2.33 0.451299
2.331 0.453854
2.332 0.414789
2.333 0.443229
2.334 0.430539
2.335 0.414085
2.336 0.483996
2.337 0.450871
2.338 0.49833
2.339 0.474684
2.34 0.473846
2.341 0.470221
2.342 0.441471
2.343 0.503892
2.344 0.536135
2.345 0.588136
2.346 0.609771
2.347 0.647603
2.348 0.675585
2.349 0.737831
2.35 0.715198
2.351 0.731712
2.352 0.786702
2.353 0.769679
2.354 0.737471
2.355 0.69053
2.356 0.667496
2.357 0.62772
2.358 0.589983
2.359 0.609492
2.36 0.6227
2.361 0.653958
2.362 0.634898
2.363 0.608014
2.364 0.611213
2.365 0.63836
2.366 0.649315
2.367 0.615576
2.368 0.575839
2.369 0.615887
2.37 0.632298
2.371 0.637395
2.372 0.608979
2.373 0.631911
2.374 0.594431
2.375 0.608377
2.376 0.597443
2.377 0.529134
2.378 0.539246
2.379 0.523549
2.38 0.49047
2.381 0.457673
2.382 0.428949
2.383 0.478806
2.384 0.510193
2.385 0.506058
2.386 0.524801
2.387 0.511169
2.388 0.546342
2.389 0.509461
2.39 0.486121
2.391 0.482669
2.392 0.417108
2.393 0.412233
2.394 0.360743
2.395 0.37888
2.396 0.377966
2.397 0.356044
2.398 0.403432
2.399 0.379098
2.4 0.449003
2.401 0.484561
2.402 0.492324
2.403 0.529937
2.404 0.46962
2.405 0.461096
2.406 0.480681
2.407 0.514467
2.408 0.521564
2.409 0.502907
2.41 0.44901
2.411 0.445683
2.412 0.480527
2.413 0.463635
2.414 0.516821
2.415 0.546969
2.416 0.586467
2.417 0.587792
2.418 0.615399
2.419 0.645295
2.42 0.616813
2.421 0.583039
2.422 0.547231
2.423 0.490964
2.424 0.476386
2.425 0.465678
2.426 0.493751
2.427 0.479929
2.428 0.468342
2.429 0.42129
2.43 0.417848
2.431 0.413405
2.432 0.456138
2.433 0.418407
2.434 0.446393
2.435 0.415026
2.436 0.434811
2.437 0.406693
2.438 0.394495
2.439 0.410991
2.44 0.41774
2.441 0.485055
2.442 0.432574
2.443 0.400449
2.444 0.418123
2.445 0.400161
2.446 0.374918
2.447 0.405706
2.448 0.396034
2.449 0.407856
2.45 0.377586
2.451 0.402424
2.452 0.39282
2.453 0.363671
2.454 0.329213
2.455 0.323883
2.456 0.364186
2.457 0.373562
2.458 0.424943
2.459 0.439327
2.46 0.440583
2.461 0.475881
2.462 0.439264
2.463 0.476002
2.464 0.437872
2.465 0.365272
2.466 0.367832
2.467 0.32696
2.468 0.316494
2.469 0.307497
2.47 0.282825
2.471 0.29008
2.472 0.248909
2.473 0.247988
2.474 0.239887
2.475 0.194556
2.476 0.206675
2.477 0.209491
2.478 0.219085
2.479 0.214259
2.48 0.236634
2.481 0.223018
2.482 0.193705
2.483 0.174697
2.484 0.161129
2.485 0.203753
2.486 0.215334
2.487 0.180443
2.488 0.128549
2.489 0.179287
2.49 0.198987
2.491 0.15653
2.492 0.136772
2.493 0.126635
2.494 0.192459
2.495 0.240211
2.496 0.177766
2.497 0.168905
2.498 0.161537
2.499 0.232989
2.5 0.222193
2.501 0.205783
2.502 0.184363
2.503 0.173982
2.504 0.10956
2.505 0.13513
2.506 0.135398
2.507 0.118122
2.508 0.139133
2.509 0.155561
2.51 0.15934
2.511 0.135794
2.512 0.14036
2.513 0.155575
2.514 0.213901
2.515 0.20704
2.516 0.164156
2.517 0.12587
2.518 0.0998173
2.519 0.107969
2.52 0.0567522
2.521 0.0225724
2.522 0.00568524
2.523 0.00750866
2.524 0.0463093
2.525 0.0407514
2.526 0.0829556
2.527 0.0799693
2.528 0.115975
2.529 0.114577
2.53 0.137593
2.531 0.10472
2.532 0.0922222
2.533 0.0505016
2.534 0.121645
2.535 0.10585
2.536 0.0193307
2.537 -0.00939576
2.538 -0.00167343
2.539 -0.017252
2.54 0.00402377
2.541 0.0195577
2.542 0.0409221
2.543 0.0201972
2.544 -0.000192188
2.545 0.0331283
2.546 -0.0186847
2.547 0.00651915
2.548 0.0122298
2.549 0.0733514
2.55 0.0792401
2.551 0.0903161
2.552 0.123219
2.553 0.0993511
2.554 0.120306
2.555 0.133882
2.556 0.132572
2.557 0.15926
2.558 0.201094
2.559 0.253731
2.56 0.26458
2.561 0.318556
2.562 0.29618
2.563 0.308213
2.564 0.288014
2.565 0.336765
2.566 0.332137
2.567 0.316879
2.568 0.366832
2.569 0.382946
2.57 0.370791
2.571 0.370954
2.572 0.363986
2.573 0.321988
2.574 0.356346
2.575 0.365389
2.576 0.329318
2.577 0.38091
2.578 0.367784
2.579 0.39807
2.58 0.368035
2.581 0.386481
2.582 0.373578
2.583 0.34965
2.584 0.333712
2.585 0.357986
2.586 0.319516
2.587 0.352144
2.588 0.355176
2.589 0.39372
2.59 0.426095
2.591 0.361516
2.592 0.355977
2.593 0.396536
2.594 0.443007
2.595 0.426036
2.596 0.405481
2.597 0.392053
2.598 0.337804
2.599 0.372401
2.6 0.344051
2.601 0.362184
2.602 0.436459
2.603 0.517467
2.604 0.585056
2.605 0.648641
2.606 0.662505
2.607 0.62897
2.608 0.63781
2.609 0.614526
2.61 0.617994
2.611 0.65279
2.612 0.608314
2.613 0.581595
2.614 0.546918
2.615 0.531868
2.616 0.551492
2.617 0.508204
2.618 0.546069
2.619 0.54334
2.62 0.502362
2.621 0.519748
2.622 0.505483
2.623 0.51348
2.624 0.551698
2.625 0.529577
2.626 0.518726
2.627 0.510876
2.628 0.507451
2.629 0.554988
2.63 0.565319
2.631 0.630103
2.632 0.65146
2.633 0.703781
2.634 0.685871
2.635 0.682757
2.636 0.696675
2.637 0.687625
2.638 0.706211
2.639 0.645258
2.64 0.637081
2.641 0.706567
2.642 0.736436
2.643 0.702705
2.644 0.692783
2.645 0.62642
2.646 0.684422
2.647 0.668956
2.648 0.722503
2.649 0.690392
2.65 0.752672
2.651 0.777583
2.652 0.80004
2.653 0.805092
2.654 0.783787
2.655 0.762125
2.656 0.726859
2.657 0.728206
2.658 0.774371
2.659 0.797681
2.66 0.753119
2.661 0.762973
2.662 0.773572
2.663 0.796486
2.664 0.800683
2.665 0.847687
2.666 0.795542
2.667 0.803066
2.668 0.829868
2.669 0.752812
2.67 0.753106
2.671 0.783895
2.672 0.798434
2.673 0.787372
2.674 0.79778
2.675 0.751854
2.676 0.814265
2.677 0.801815
2.678 0.825118
2.679 0.855382
2.68 0.893492
2.681 0.871576
2.682 0.772852
2.683 0.737037
2.684 0.723595
2.685 0.722806
2.686 0.798862
2.687 0.812111
2.688 0.802765
2.689 0.772931
2.69 0.790761
2.691 0.812389
2.692 0.842183
2.693 0.816696
2.694 0.863419
2.695 0.901106
2.696 0.863726
2.697 0.818693
2.698 0.814935
2.699 0.82963
2.7 0.800105
2.701 0.821918
2.702 0.80922
2.703 0.841379
2.704 0.883907
2.705 0.829976
2.706 0.769471
2.707 0.679776
2.708 0.673428
2.709 0.68362
2.71 0.699491
2.711 0.689684
2.712 0.677182
2.713 0.664514
2.714 0.631455
2.715 0.593844
2.716 0.569034
2.717 0.536188
2.718 0.537615
2.719 0.544047
2.72 0.484301
2.721 0.480385
2.722 0.512233
2.723 0.512716
2.724 0.5159
2.725 0.51058
2.726 0.451969
2.727 0.452749
2.728 0.510408
2.729 0.478071
2.73 0.471673
2.731 0.488702
2.732 0.502541
2.733 0.49082
2.734 0.507147
2.735 0.497501
2.736 0.444276
2.737 0.465401
2.738 0.474495
2.739 0.458016
2.74 0.416161
2.741 0.399254
2.742 0.398274
2.743 0.410264
2.744 0.411589
2.745 0.447369
2.746 0.476406
2.747 0.501967
2.748 0.472611
2.749 0.537706
2.75 0.463854
2.751 0.45627
2.752 0.494714
2.753 0.531424
2.754 0.529733
2.755 0.507413
2.756 0.515751
2.757 0.489832
2.758 0.511026
2.759 0.531644
2.76 0.553494
2.761 0.584027
2.762 0.573779
2.763 0.568919
2.764 0.58574
2.765 0.545437
2.766 0.467548
2.767 0.421962
2.768 0.471291
2.769 0.436277
2.77 0.437771
2.771 0.427594
2.772 0.475148
2.773 0.454087
2.774 0.484067
2.775 0.439489
2.776 0.461194
2.777 0.485555
2.778 0.47747
2.779 0.509264
2.78 0.561266
2.781 0.555667
2.782 0.578658
2.783 0.615082
2.784 0.628735
2.785 0.627011
2.786 0.618029
2.787 0.617592
2.788 0.63096
2.789 0.616377
2.79 0.601723
2.791 0.586668
2.792 0.573792
2.793 0.584384
2.794 0.624192
2.795 0.630515
2.796 0.644225
2.797 0.623013
2.798 0.609572
2.799 0.628386
2.8 0.608321
2.801 0.679333
2.802 0.643015
2.803 0.639403
2.804 0.659342
2.805 0.620307
2.806 0.650192
2.807 0.658018
2.808 0.615357
2.809 0.619621
2.81 0.632403
2.811 0.613279
2.812 0.60041
2.813 0.591038
2.814 0.551165
2.815 0.54921
2.816 0.562985
2.817 0.555775
2.818 0.529615
2.819 0.530157
2.82 0.52178
2.821 0.519014
2.822 0.487768
2.823 0.463885
2.824 0.461633
2.825 0.479719
2.826 0.497654
2.827 0.466243
2.828 0.492099
2.829 0.455492
2.83 0.420886
2.831 0.437878
2.832 0.453597
2.833 0.451412
2.834 0.457219
2.835 0.406619
2.836 0.415192
2.837 0.372736
2.838 0.351343
2.839 0.384721
2.84 0.359096
2.841 0.313284
2.842 0.348428
2.843 0.343813
2.844 0.343679
2.845 0.314011
2.846 0.304576
2.847 0.308213
2.848 0.378077
2.849 0.341393
2.85 0.323318
2.851 0.316536
2.852 0.3338
2.853 0.378392
2.854 0.361986
2.855 0.338733
2.856 0.326884
2.857 0.25798
2.858 0.329568
2.859 0.329886
2.86 0.277421
2.861 0.323062
2.862 0.306569
2.863 0.312749
2.864 0.339127
2.865 0.375473
2.866 0.356541
2.867 0.350645
2.868 0.340295
2.869 0.288349
2.87 0.22287
2.871 0.236582
2.872 0.251354
2.873 0.250939
2.874 0.194696
2.875 0.204899
2.876 0.158763
2.877 0.132059
2.878 0.165717
2.879 0.170522
2.88 0.111175
2.881 0.0980083
2.882 0.111531
2.883 0.0550821
2.884 0.0314223
2.885 0.0196282
2.886 0.0409598
2.887 0.0327734
2.888 -0.00114622
2.889 -0.0511158
2.89 -0.111568
2.891 -0.0815747
2.892 -0.0370415
2.893 -0.0390751
2.894 -0.0373103
2.895 -0.0601544
2.896 -0.0930214
2.897 -0.0813223
2.898 -0.0962045
2.899 -0.141766
2.9 -0.146613
2.901 -0.11018
2.902 -0.140868
2.903 -0.20835
2.904 -0.195858
2.905 -0.196709
2.906 -0.183098
2.907 -0.200307
2.908 -0.193643
2.909 -0.215612
2.91 -0.246044
2.911 -0.267942
2.912 -0.258452
2.913 -0.27095
2.914 -0.289538
2.915 -0.266334
2.916 -0.249889
2.917 -0.235071
2.918 -0.205745
2.919 -0.136242
2.92 -0.166515
2.921 -0.180851
2.922 -0.203961
2.923 -0.172917
2.924 -0.159206
2.925 -0.17744
2.926 -0.111586
2.927 -0.0866373
2.928 -0.104424
2.929 -0.115407
2.93 -0.106996
2.931 -0.0808817
2.932 -0.0782917
2.933 -0.0719102
2.934 -0.0224432
2.935 -0.0764745
2.936 -0.071536
2.937 -0.0586048
2.938 -0.0563609
2.939 -0.0224201
2.94 -0.0443364
2.941 -0.0881102
2.942 -0.0970091
2.943 -0.0836931
2.944 -0.0927177
2.945 -0.0928769
2.946 -0.0561598
2.947 -0.0571627
2.948 -0.0431827
2.949 -0.0761253
2.95 -0.0784232
2.951 -0.0570899
2.952 -0.0931707
2.953 -0.150862
2.954 -0.189791
2.955 -0.178228
2.956 -0.176
2.957 -0.193858
2.958 -0.102098
2.959 -0.0710486
2.96 -0.142654
2.961 -0.157228
2.962 -0.165143
2.963 -0.156145
2.964 -0.140325
2.965 -0.135736
2.966 -0.116482
2.967 -0.144925
2.968 -0.111927
2.969 -0.105752
2.97 -0.0463167
2.971 -0.057498
2.972 -0.11341
2.973 -0.133885
2.974 -0.10494
2.975 -0.0825098
2.976 -0.0714688
2.977 0.00448298
2.978 -0.0179495
2.979 -0.0999046
2.98 -0.0709374
2.981 -0.119901
2.982 -0.142474
2.983 -0.180817
2.984 -0.18518
2.985 -0.219191
2.986 -0.216549
2.987 -0.188419
2.988 -0.170505
2.989 -0.148485
2.99 -0.0963058
2.991 -0.128399
2.992 -0.109056
2.993 -0.0737289
2.994 -0.0760284
2.995 -0.0856928
2.996 -0.0674628
2.997 -0.0633751
2.998 -0.0811204
2.999 -0.0888154
3 -0.10647
3.001 -0.141385
3.002 -0.207694
3.003 -0.212503
3.004 -0.203267
3.005 -0.230681
3.006 -0.25647
3.007 -0.184709
3.008 -0.190328
3.009 -0.236593
3.01 -0.250653
3.011 -0.232593
3.012 -0.239265
3.013 -0.217837
3.014 -0.178486
3.015 -0.204852
3.016 -0.173204
3.017 -0.139673
3.018 -0.117711
3.019 -0.105233
3.02 -0.0923839
3.021 -0.113249
3.022 -0.0608723
3.023 -0.080884
3.024 -0.0840677
3.025 -0.107775
3.026 -0.14845
3.027 -0.16245
3.028 -0.186279
3.029 -0.197572
3.03 -0.163677
3.031 -0.140666
3.032 -0.126352
3.033 -0.125047
3.034 -0.106397
3.035 -0.0749575
3.036 -0.0595582
3.037 -0.0471069
3.038 0.0036836
3.039 -0.00274156
3.04 -0.0164876
3.041 -0.0449079
3.042 -0.024689
3.043 -0.0327451
3.044 -0.0276487
3.045 -0.0905692
3.046 -0.0935906
3.047 -0.0856149
3.048 -0.0739408
3.049 -0.0225918
3.05 -0.0479646
3.051 -0.0103711
3.052 0.0170678
3.053 0.00357517
3.054 -0.00746694
3.055 -0.0138151
3.056 0.0452989
3.057 0.0699867
3.058 0.0557568
3.059 0.0973149
3.06 0.107013
3.061 0.0500707
3.062 0.0385142
3.063 0.0988978
3.064 0.164832
3.065 0.221282
3.066 0.182748
3.067 0.120049
3.068 0.133035
3.069 0.112775
3.07 0.164818
3.071 0.229718
3.072 0.183652
3.073 0.159969
3.074 0.151053
3.075 0.124514
3.076 0.10582
3.077 0.137019
3.078 0.127534
3.079 0.143723
3.08 0.0876405
3.081 0.136289
3.082 0.126335
3.083 0.102019
3.084 0.0944612
3.085 0.120355
3.086 0.145404
3.087 0.109547
3.088 0.143521
3.089 0.200974
3.09 0.232243
3.091 0.197907
3.092 0.25603
3.093 0.252435
3.094 0.194403
3.095 0.171931
3.096 0.180932
3.097 0.184718
3.098 0.223398
3.099 0.197335
3.1 0.177744
3.101 0.18853
3.102 0.140336
3.103 0.105214
3.104 0.165441
3.105 0.16915
3.106 0.172101
3.107 0.117803
3.108 0.109094
3.109 0.114903
3.11 0.166385
3.111 0.118178
3.112 0.088852
3.113 0.175646
3.114 0.176456
3.115 0.183638
3.116 0.221746
3.117 0.249543
3.118 0.302759
3.119 0.34064
3.12 0.310823
3.121 0.271756
3.122 0.260136
3.123 0.290776
3.124 0.279773
3.125 0.313466
3.126 0.305147
3.127 0.27399
3.128 0.269037
3.129 0.250295
3.13 0.25504
3.131 0.270063
3.132 0.272063
3.133 0.286361
3.134 0.267841
3.135 0.286149
3.136 0.322172
3.137 0.309991
3.138 0.282793
3.139 0.24993
3.14 0.283197
3.141 0.262434
3.142 0.232609
3.143 0.237274
3.144 0.212317
3.145 0.198149
3.146 0.195448
3.147 0.221771
3.148 0.265366
3.149 0.285871
3.15 0.290459
3.151 0.279107
3.152 0.27806
3.153 0.258325
3.154 0.242962
3.155 0.201531
3.156 0.145087
3.157 0.113696
3.158 0.0951485
3.159 0.0735299
3.16 0.0531405
3.161 0.069602
3.162 0.0558706
3.163 0.124052
3.164 0.0862982
3.165 0.072346
3.166 0.0699303
3.167 0.0481871
3.168 0.0143197
3.169 -0.000782929
3.17 0.0133596
3.171 0.0119949
3.172 0.0221936
3.173 -0.000378871
3.174 0.00550482
3.175 0.0103046
3.176 -0.0112092
3.177 0.00232998
3.178 0.038841
3.179 0.0571102
3.18 0.0235898
3.181 -0.0202989
3.182 -0.037752
3.183 -0.0247509
3.184 -0.00461724
3.185 -0.00916053
3.186 -0.0324155
3.187 -0.00259587
3.188 0.0586295
3.189 0.0738445
3.19 0.0646252
3.191 0.0624056
3.192 0.107723
3.193 0.114385
3.194 0.0893903
3.195 0.0815315
3.196 0.027666
3.197 -0.00629136
3.198 -0.0434154
3.199 -0.0392338
3.2 -0.032646
3.201 -0.114915
3.202 -0.16625
3.203 -0.182286
3.204 -0.166763
3.205 -0.152184
3.206 -0.1941
3.207 -0.192311
3.208 -0.227803
3.209 -0.254147
3.21 -0.26928
3.211 -0.244474
3.212 -0.278476
3.213 -0.271392
3.214 -0.256441
3.215 -0.282799
3.216 -0.302913
3.217 -0.318335
3.218 -0.413529
3.219 -0.440402
3.22 -0.424665
3.221 -0.435041
3.222 -0.422059
3.223 -0.446475
3.224 -0.452489
3.225 -0.459837
3.226 -0.494812
3.227 -0.491402
3.228 -0.475245
3.229 -0.468051
3.23 -0.532163
3.231 -0.483995
3.232 -0.473078
3.233 -0.473248
3.234 -0.430935
3.235 -0.453456
3.236 -0.442208
3.237 -0.477062
3.238 -0.467116
3.239 -0.532633
3.24 -0.554497
3.241 -0.55188
3.242 -0.506734
3.243 -0.479905
3.244 -0.451085
3.245 -0.445971
3.246 -0.470759
3.247 -0.48533
3.248 -0.449696
3.249 -0.448586
3.25 -0.435679
3.251 -0.490657
3.252 -0.465873
3.253 -0.446583
3.254 -0.424565
3.255 -0.439421
3.256 -0.455307
3.257 -0.493945
3.258 -0.561723
3.259 -0.574751
3.26 -0.565762
3.261 -0.57261
3.262 -0.559333
3.263 -0.548347
3.264 -0.546377
3.265 -0.497519
3.266 -0.456049
3.267 -0.463583
3.268 -0.514944
3.269 -0.472642
3.27 -0.460392
3.271 -0.478533
3.272 -0.478289
3.273 -0.435018
3.274 -0.451866
3.275 -0.475833
3.276 -0.417528
3.277 -0.399261
3.278 -0.447928
3.279 -0.460126
3.28 -0.469752
3.281 -0.433234
3.282 -0.416065
3.283 -0.376153
3.284 -0.385345
3.285 -0.396459
3.286 -0.434348
3.287 -0.466492
3.288 -0.48984
3.289 -0.471096
3.29 -0.448763
3.291 -0.445561
3.292 -0.476556
3.293 -0.508858
3.294 -0.46845
3.295 -0.446939
3.296 -0.413813
3.297 -0.448798
3.298 -0.409388
3.299 -0.439805
3.3 -0.46721
3.301 -0.482649
3.302 -0.443619
3.303 -0.414427
3.304 -0.394726
3.305 -0.421311
3.306 -0.404678
3.307 -0.37206
3.308 -0.344648
3.309 -0.357332
3.31 -0.32075
3.311 -0.374039
3.312 -0.33545
3.313 -0.330078
3.314 -0.308249
3.315 -0.294125
3.316 -0.286741
3.317 -0.317545
3.318 -0.298279
3.319 -0.306319
3.32 -0.301458
3.321 -0.325333
3.322 -0.320403
3.323 -0.363397
3.324 -0.373438
3.325 -0.318113
3.326 -0.290956
3.327 -0.247454
3.328 -0.158202
3.329 -0.0762062
3.33 -0.0621647
3.331 -0.0768496
3.332 -0.0574695
3.333 -0.00716198
3.334 -0.0424829
3.335 -0.0616055
3.336 -0.0542993
3.337 -0.0600197
3.338 -0.0617983
3.339 -0.0761008
3.34 -0.0689883
3.341 -0.0831989
3.342 -0.0286514
3.343 -0.0326121
3.344 -0.06424
3.345 -0.0873907
3.346 -0.140113
3.347 -0.118975
3.348 -0.0939355
3.349 -0.0600495
3.35 -0.0289568
3.351 -0.0243042
3.352 0.0287795
3.353 0.0278484
3.354 0.0180749
3.355 0.0587114
3.356 0.0758833
3.357 0.0369523
3.358 -0.017455
3.359 -0.0482877
3.36 -0.0289344
3.361 -0.0118195
3.362 0.0158158
3.363 -0.0629663
3.364 -0.0253822
3.365 0.00131889
3.366 0.0212263
3.367 -0.0126197
3.368 -0.033023
3.369 -0.0245149
3.37 -0.0114052
3.371 0.0307188
3.372 0.0295674
3.373 0.00746479
3.374 0.00880663
3.375 -0.0107619
3.376 0.0238842
3.377 0.0147833
3.378 -0.044382
3.379 -0.0406636
3.38 -0.0911925
3.381 -0.0824276
3.382 -0.071812
3.383 -0.116226
3.384 -0.078863
3.385 -0.0642412
3.386 -0.07146
3.387 -0.0902798
3.388 -0.089257
3.389 -0.0700426
3.39 -0.0834975
3.391 -0.145139
3.392 -0.0694971
3.393 -0.0916206
3.394 -0.0952028
3.395 -0.127713
3.396 -0.077519
3.397 -0.0309379
3.398 -0.0584634
3.399 -0.0534028
3.4 -0.0934122
3.401 -0.130798
3.402 -0.140344
3.403 -0.167802
3.404 -0.147415
3.405 -0.113232
3.406 -0.119128
3.407 -0.115339
3.408 -0.0578358
3.409 -0.0414194
3.41 -0.04264
3.411 -0.0322474
3.412 -0.114619
3.413 -0.0987272
3.414 -0.110882
3.415 -0.108332
3.416 -0.0700251
3.417 -0.0822436
3.418 -0.114894
3.419 -0.104069
3.42 -0.133133
3.421 -0.133243
3.422 -0.135759
3.423 -0.1307
3.424 -0.169217
3.425 -0.162618
3.426 -0.187577
3.427 -0.23032
3.428 -0.253856
3.429 -0.286226
3.43 -0.240539
3.431 -0.257947
3.432 -0.325079
3.433 -0.310562
3.434 -0.34049
3.435 -0.318839
3.436 -0.302792
3.437 -0.269303
3.438 -0.285918
3.439 -0.315544
3.44 -0.339855
3.441 -0.302195
3.442 -0.378041
3.443 -0.380873
3.444 -0.409493
3.445 -0.403762
3.446 -0.390859
3.447 -0.460953
3.448 -0.479577
3.449 -0.499069
3.45 -0.486115
3.451 -0.517105
3.452 -0.440879
3.453 -0.460239
3.454 -0.430495
3.455 -0.42201
3.456 -0.379946
3.457 -0.437762
3.458 -0.393218
3.459 -0.4302
3.46 -0.416616
3.461 -0.474887
3.462 -0.543518
3.463 -0.527938
3.464 -0.541482
3.465 -0.476618
3.466 -0.473666
3.467 -0.512582
3.468 -0.513158
3.469 -0.526459
3.47 -0.482255
3.471 -0.514405
3.472 -0.490342
3.473 -0.497879
3.474 -0.510152
3.475 -0.443213
3.476 -0.424172
3.477 -0.41109
3.478 -0.422864
3.479 -0.402209
3.48 -0.445455
3.481 -0.432584
3.482 -0.483394
3.483 -0.498724
3.484 -0.521727
3.485 -0.519424
3.486 -0.516116
3.487 -0.521916
3.488 -0.502868
3.489 -0.538082
3.49 -0.528544
3.491 -0.514697
3.492 -0.503783
3.493 -0.553412
3.494 -0.620514
3.495 -0.658683
3.496 -0.636269
3.497 -0.672282
3.498 -0.689334
3.499 -0.646643
3.5 -0.652788
3.501 -0.645915
3.502 -0.645875
3.503 -0.610506
3.504 -0.658231
3.505 -0.726439
3.506 -0.689739
3.507 -0.640855
3.508 -0.671674
3.509 -0.675973
3.51 -0.691661
3.511 -0.726742
3.512 -0.739015
3.513 -0.765039
3.514 -0.758528
3.515 -0.732704
3.516 -0.764886
3.517 -0.786646
3.518 -0.851621
3.519 -0.865674
3.52 -0.884558
3.521 -0.874576
3.522 -0.91256
3.523 -0.88021
3.524 -0.924213
3.525 -0.90783
3.526 -0.921927
3.527 -0.949974
3.528 -0.939654
3.529 -0.964789
3.53 -1.00427
3.531 -0.998804
3.532 -1.01269
3.533 -1.01144
3.534 -1.06427
3.535 -1.11241
3.536 -1.14852
3.537 -1.16082
3.538 -1.18231
3.539 -1.19171
3.54 -1.16478
3.541 -1.17699
3.542 -1.21523
3.543 -1.1978
3.544 -1.19367
3.545 -1.25435
3.546 -1.21966
3.547 -1.21624
3.548 -1.22141
3.549 -1.24715
3.55 -1.19454
3.551 -1.18309
3.552 -1.13838
3.553 -1.12651
3.554 -1.12766
3.555 -1.11406
3.556 -1.14024
3.557 -1.11142
3.558 -1.12641
3.559 -1.07763
3.56 -1.11117
3.561 -1.14384
3.562 -1.12293
3.563 -1.11586
3.564 -1.09989
3.565 -1.10111
3.566 -1.06924
3.567 -1.07762
3.568 -1.0819
3.569 -1.11197
3.57 -1.17809
3.571 -1.20317
3.572 -1.15123
3.573 -1.15306
3.574 -1.10631
3.575 -1.10629
3.576 -1.10825
3.577 -1.14944
3.578 -1.16439
3.579 -1.13043
3.58 -1.16693
3.581 -1.15796
3.582 -1.13137
3.583 -1.13139
3.584 -1.1479
3.585 -1.17011
3.586 -1.15235
3.587 -1.07897
3.588 -1.02812
3.589 -1.0721
3.59 -1.10465
3.591 -1.1102
3.592 -1.10779
3.593 -1.14109
3.594 -1.12766
3.595 -1.11502
3.596 -1.09644
3.597 -1.09337
3.598 -1.14017
3.599 -1.09975
3.6 -1.11852
3.601 -1.09063
3.602 -1.06684
3.603 -1.05478
3.604 -1.05233
3.605 -1.05344
3.606 -1.07902
3.607 -1.06759
3.608 -1.05844
3.609 -1.04518
3.61 -1.01813
3.611 -1.03869
3.612 -1.02663
3.613 -1.00778
3.614 -1.03244
3.615 -0.950329
3.616 -0.995922
3.617 -0.971363
3.618 -0.945965
3.619 -1.00581
3.62 -0.978604
3.621 -0.983115
3.622 -1.00677
3.623 -1.00254
3.624 -1.01293
3.625 -1.04752
3.626 -1.02758
3.627 -1.0417
3.628 -1.07277
3.629 -1.06528
3.63 -1.06289
3.631 -1.1169
3.632 -1.11677
3.633 -1.13318
3.634 -1.11208
3.635 -1.10767
3.636 -1.10457
3.637 -1.06144
3.638 -1.08014
3.639 -1.10811
3.64 -1.11056
3.641 -1.1366
3.642 -1.12997
3.643 -1.09305
3.644 -1.03415
3.645 -1.04914
3.646 -1.0342
3.647 -1.07532
3.648 -1.04429
3.649 -1.01227
3.65 -1.00115
3.651 -0.968358
3.652 -0.977484
3.653 -0.953709
3.654 -0.980288
3.655 -0.964661
3.656 -0.939713
3.657 -0.951129
3.658 -1.01017
3.659 -1.00638
3.66 -1.01331
3.661 -0.981101
3.662 -0.962948
3.663 -0.97733
3.664 -0.999578
3.665 -0.958152
3.666 -0.947446
3.667 -0.967151
3.668 -0.918485
3.669 -0.918698
3.67 -0.908572
3.671 -0.93121
3.672 -0.907323
3.673 -0.908546
3.674 -0.925433
3.675 -0.940835
3.676 -0.95014
3.677 -0.945159
3.678 -0.908073
3.679 -0.926186
3.68 -0.916559
3.681 -0.908486
3.682 -0.904777
3.683 -0.86922
3.684 -0.859552
3.685 -0.858772
3.686 -0.883604
3.687 -0.883086
3.688 -0.903024
3.689 -0.920571
3.69 -0.948634
3.691 -0.933196
3.692 -0.923207
3.693 -0.923561
3.694 -0.904415
3.695 -0.964013
3.696 -0.968899
3.697 -1.0213
3.698 -0.994085
3.699 -1.00721
3.7 -1.0075
3.701 -1.02144
3.702 -1.01654
3.703 -1.03748
3.704 -1.07341
3.705 -1.08441
3.706 -1.06753
3.707 -1.06045
3.708 -1.07982
3.709 -0.989602
3.71 -1.04563
3.711 -1.05236
3.712 -1.08562
3.713 -1.03752
3.714 -1.08075
3.715 -1.10202
3.716 -1.10256
3.717 -1.0652
3.718 -1.06592
3.719 -1.09486
3.72 -1.09845
3.721 -1.07435
3.722 -1.07854
3.723 -1.08366
3.724 -1.09539
3.725 -1.09329
3.726 -1.11415
3.727 -1.17455
3.728 -1.16742
3.729 -1.19642
3.73 -1.18121
3.731 -1.14874
3.732 -1.16749
3.733 -1.14276
3.734 -1.11361
3.735 -1.146
3.736 -1.12582
3.737 -1.10876
3.738 -1.06601
3.739 -1.10186
3.74 -1.09056
3.741 -1.13113
3.742 -1.12968
3.743 -1.1452
3.744 -1.1287
3.745 -1.148
3.746 -1.13259
3.747 -1.1278
3.748 -1.11773
3.749 -1.10562
3.75 -1.07228
3.751 -1.05736
3.752 -1.09766
3.753 -1.10089
3.754 -1.13218
3.755 -1.11314
3.756 -1.12414
3.757 -1.11182
3.758 -1.10642
3.759 -1.07944
3.76 -1.12181
3.761 -1.13628
3.762 -1.17653
3.763 -1.22929
3.764 -1.19262
3.765 -1.15054
3.766 -1.18139
3.767 -1.17497
3.768 -1.20708
3.769 -1.23223
3.77 -1.25121
3.771 -1.23312
3.772 -1.19019
3.773 -1.20776
3.774 -1.28446
3.775 -1.26431
3.776 -1.31136
3.777 -1.24014
3.778 -1.2854
3.779 -1.32952
3.78 -1.39962
3.781 -1.46927
3.782 -1.44412
3.783 -1.42114
3.784 -1.35217
3.785 -1.35055
3.786 -1.39061
3.787 -1.43206
3.788 -1.40322
3.789 -1.35821
3.79 -1.40095
3.791 -1.4707
3.792 -1.50024
3.793 -1.52829
3.794 -1.51059
3.795 -1.52895
3.796 -1.57127
3.797 -1.6217
3.798 -1.61995
3.799 -1.63802
3.8 -1.64199
3.801 -1.68073
3.802 -1.68189
3.803 -1.69483
3.804 -1.69774
3.805 -1.71796
3.806 -1.76414
3.807 -1.80373
3.808 -1.84034
3.809 -1.77837
3.81 -1.80581
3.811 -1.85515
3.812 -1.84383
3.813 -1.83636
3.814 -1.83462
3.815 -1.84671
3.816 -1.78074
3.817 -1.78416
3.818 -1.75815
3.819 -1.74842
3.82 -1.75574
3.821 -1.78729
3.822 -1.80334
3.823 -1.79205
3.824 -1.79942
3.825 -1.76654
3.826 -1.73271
3.827 -1.71854
3.828 -1.69751
3.829 -1.72026
3.83 -1.73035
3.831 -1.71686
3.832 -1.73915
3.833 -1.75996
3.834 -1.7555
3.835 -1.80903
3.836 -1.7885
3.837 -1.81943
3.838 -1.78052
3.839 -1.83231
3.84 -1.88053
3.841 -1.85205
3.842 -1.87536
3.843 -1.83902
3.844 -1.89576
3.845 -1.88352
3.846 -1.89542
3.847 -1.85369
3.848 -1.83977
3.849 -1.82236
3.85 -1.77287
3.851 -1.72976
3.852 -1.68913
3.853 -1.69136
3.854 -1.71205
3.855 -1.74324
3.856 -1.68953
3.857 -1.69024
3.858 -1.69419
3.859 -1.70003
3.86 -1.66247
3.861 -1.67557
3.862 -1.70193
3.863 -1.75853
3.864 -1.74412
3.865 -1.67892
3.866 -1.62922
3.867 -1.69447
3.868 -1.69274
3.869 -1.67271
3.87 -1.65505
3.871 -1.67183
3.872 -1.67459
3.873 -1.64992
3.874 -1.59975
3.875 -1.57018
3.876 -1.59457
3.877 -1.59254
3.878 -1.53244
3.879 -1.56786
3.88 -1.53716
3.881 -1.56464
3.882 -1.54803
3.883 -1.51093
3.884 -1.49559
3.885 -1.50313
3.886 -1.47731
3.887 -1.46887
3.888 -1.4571
3.889 -1.42426
3.89 -1.35555
3.891 -1.34436
3.892 -1.343
3.893 -1.35507
3.894 -1.37915
3.895 -1.38318
3.896 -1.38433
3.897 -1.44122
3.898 -1.41333
3.899 -1.42704
3.9 -1.44696
3.901 -1.44552
3.902 -1.44318
3.903 -1.45783
3.904 -1.52532
3.905 -1.52447
3.906 -1.53239
3.907 -1.50874
3.908 -1.53279
3.909 -1.5909
3.91 -1.53556
3.911 -1.43819
3.912 -1.41344
3.913 -1.41016
3.914 -1.41773
3.915 -1.40083
3.916 -1.41634
3.917 -1.35543
3.918 -1.42028
3.919 -1.36748
3.92 -1.37973
3.921 -1.38969
3.922 -1.37747
3.923 -1.35278
3.924 -1.36669
3.925 -1.36446
3.926 -1.39146
3.927 -1.37094
3.928 -1.36412
3.929 -1.347
3.93 -1.32784
3.931 -1.3558
3.932 -1.3294
3.933 -1.32505
3.934 -1.31454
3.935 -1.2871
3.936 -1.33471
3.937 -1.31197
3.938 -1.29609
3.939 -1.34593
3.94 -1.3823
3.941 -1.35998
3.942 -1.39122
3.943 -1.39847
3.944 -1.41916
3.945 -1.40077
3.946 -1.42316
3.947 -1.39618
3.948 -1.38793
3.949 -1.35895
3.95 -1.39726
3.951 -1.41149
3.952 -1.44665
3.953 -1.45701
3.954 -1.47144
3.955 -1.48784
3.956 -1.51229
3.957 -1.52241
3.958 -1.45334
3.959 -1.47411
3.96 -1.46156
3.961 -1.46229
3.962 -1.52062
3.963 -1.50206
3.964 -1.47885
3.965 -1.48457
3.966 -1.40239
3.967 -1.34034
3.968 -1.33926
3.969 -1.29111
3.97 -1.28078
3.971 -1.30632
3.972 -1.31169
3.973 -1.31148
3.974 -1.29075
3.975 -1.29083
3.976 -1.26888
3.977 -1.264
3.978 -1.24293
3.979 -1.2609
3.98 -1.22977
3.981 -1.23813
3.982 -1.22709
3.983 -1.25534
3.984 -1.19511
3.985 -1.12193
3.986 -1.09048
3.987 -1.05796
3.988 -1.01229
3.989 -0.988739
3.99 -1.01108
3.991 -1.04293
3.992 -1.05788
3.993 -1.01746
3.994 -1.00237
3.995 -0.980756
3.996 -0.941693
3.997 -0.917393
3.998 -0.927174
3.999 -0.909403
4 -0.863617
