node_number x_coordinate y_coordinate z_coordinate x_dof_number y_dof_number z_dof_number
1 0.0000000000e+00 -1.9200000000e+00 0.0000000000e+00 - - -
2 0.0000000000e+00 4.4800000000e+00 0.0000000000e+00 - - -
3 0.0000000000e+00 4.4800000000e+00 3.2000000000e+01 - - -
4 0.0000000000e+00 -1.9200000000e+00 3.2000000000e+01 - - -
5 1.0000878490e+01 -1.9106181418e+00 0.0000000000e+00 4 5 6
6 1.0000878524e+01 4.4893705098e+00 0.0000000000e+00 1 2 3
7 1.0000878524e+01 4.4893705098e+00 3.2000000000e+01 7 8 9
8 1.0000878490e+01 -1.9106181418e+00 3.2000000000e+01 10 11 12
9 2.0001719899e+01 -1.8826321990e+00 0.0000000000e+00 58 59 60
10 2.0001720064e+01 4.5173228468e+00 0.0000000000e+00 55 56 57
11 2.0001720064e+01 4.5173228468e+00 3.2000000000e+01 61 62 63
12 2.0001719899e+01 -1.8826321990e+00 3.2000000000e+01 64 65 66
13 3.0002497515e+01 -1.8366235661e+00 0.0000000000e+00 112 113 114
14 3.0002497946e+01 4.5632781513e+00 0.0000000000e+00 109 110 111
15 3.0002497946e+01 4.5632781513e+00 3.2000000000e+01 115 116 117
16 3.0002497515e+01 -1.8366235661e+00 3.2000000000e+01 118 119 120
17 4.0003184626e+01 -1.7731736380e+00 0.0000000000e+00 166 167 168
18 4.0003185499e+01 4.6266575634e+00 0.0000000000e+00 163 164 165
19 4.0003185499e+01 4.6266575634e+00 3.2000000000e+01 169 170 171
20 4.0003184626e+01 -1.7731736380e+00 3.2000000000e+01 172 173 174
21 5.0003754519e+01 -1.6928638091e+00 0.0000000000e+00 220 221 222
22 5.0003756050e+01 4.7068822233e+00 0.0000000000e+00 217 218 219
23 5.0003756050e+01 4.7068822233e+00 3.2000000000e+01 223 224 225
24 5.0003754519e+01 -1.6928638091e+00 3.2000000000e+01 226 227 228
25 6.0004180483e+01 -1.5962754743e+00 0.0000000000e+00 274 275 276
26 6.0004182927e+01 4.8033732712e+00 0.0000000000e+00 271 272 273
27 6.0004182927e+01 4.8033732712e+00 3.2000000000e+01 277 278 279
28 6.0004180483e+01 -1.5962754743e+00 3.2000000000e+01 280 281 282
29 7.0004435965e+01 -1.4840402895e+00 0.0000000000e+00 328 329 330
30 7.0004439606e+01 4.9155020416e+00 0.0000000000e+00 325 326 327
31 7.0004439606e+01 4.9155020416e+00 3.2000000000e+01 331 332 333
32 7.0004435965e+01 -1.4840402895e+00 3.2000000000e+01 334 335 336
33 8.0004510653e+01 -1.3573186448e+00 0.0000000000e+00 382 383 384
34 8.0004515717e+01 5.0421131668e+00 0.0000000000e+00 379 380 381
35 8.0004515717e+01 5.0421131668e+00 3.2000000000e+01 385 386 387
36 8.0004510653e+01 -1.3573186448e+00 3.2000000000e+01 388 389 390
37 9.0004413804e+01 -1.2175639758e+00 0.0000000000e+00 436 437 438
38 9.0004420430e+01 5.1817573549e+00 0.0000000000e+00 433 434 435
39 9.0004420430e+01 5.1817573549e+00 3.2000000000e+01 439 440 441
40 9.0004413804e+01 -1.2175639758e+00 3.2000000000e+01 442 443 444
41 1.0000415559e+02 -1.0662306900e+00 0.0000000000e+00 490 491 492
42 1.0000416383e+02 5.3329841790e+00 0.0000000000e+00 487 488 489
43 1.0000416383e+02 5.3329841790e+00 3.2000000000e+01 493 494 495
44 1.0000415559e+02 -1.0662306900e+00 3.2000000000e+01 496 497 498
45 1.1000374617e+02 -9.0477319478e-01 0.0000000000e+00 544 545 546
46 1.1000375599e+02 5.4943432120e+00 0.0000000000e+00 541 542 543
47 1.1000375599e+02 5.4943432120e+00 3.2000000000e+01 547 548 549
48 1.1000374617e+02 -9.0477319478e-01 3.2000000000e+01 550 551 552
49 1.2000319573e+02 -7.3464589767e-01 0.0000000000e+00 598 599 600
50 1.2000320700e+02 5.6643840269e+00 0.0000000000e+00 595 596 597
51 1.2000320700e+02 5.6643840269e+00 3.2000000000e+01 601 602 603
52 1.2000319573e+02 -7.3464589767e-01 3.2000000000e+01 604 605 606
53 1.3000251480e+02 -5.5731004404e-01 0.0000000000e+00 652 653 654
54 1.3000252731e+02 5.8416493775e+00 0.0000000000e+00 649 650 651
55 1.3000252731e+02 5.8416493775e+00 3.2000000000e+01 655 656 657
56 1.3000251480e+02 -5.5731004404e-01 3.2000000000e+01 658 659 660
57 1.4000173144e+02 -3.7452612452e-01 0.0000000000e+00 706 707 708
58 1.4000174486e+02 6.0243824194e+00 0.0000000000e+00 703 704 705
59 1.4000174486e+02 6.0243824194e+00 3.2000000000e+01 709 710 711
60 1.4000173144e+02 -3.7452612452e-01 3.2000000000e+01 712 713 714
61 1.5000088219e+02 -1.8815889080e-01 0.0000000000e+00 760 761 762
62 1.5000089616e+02 6.2107191265e+00 0.0000000000e+00 757 758 759
63 1.5000089616e+02 6.2107191265e+00 3.2000000000e+01 763 764 765
64 1.5000088219e+02 -1.8815889080e-01 3.2000000000e+01 766 767 768
65 1.6000000000e+02 -2.7755575616e-17 0.0000000000e+00 814 815 816
66 1.6000001415e+02 6.3988678418e+00 0.0000000000e+00 811 812 813
67 1.6000001415e+02 6.3988678418e+00 3.2000000000e+01 817 818 819
68 1.6000000000e+02 -2.7755575616e-17 3.2000000000e+01 820 821 822
69 1.6999911781e+02 1.8815889080e-01 0.0000000000e+00 868 869 870
70 1.6999913178e+02 6.5870369082e+00 0.0000000000e+00 865 866 867
71 1.6999913178e+02 6.5870369082e+00 3.2000000000e+01 871 872 873
72 1.6999911781e+02 1.8815889080e-01 3.2000000000e+01 874 875 876
73 1.7999826856e+02 3.7452612452e-01 0.0000000000e+00 922 923 924
74 1.7999828198e+02 6.7734346686e+00 0.0000000000e+00 919 920 921
75 1.7999828198e+02 6.7734346686e+00 3.2000000000e+01 925 926 927
76 1.7999826856e+02 3.7452612452e-01 3.2000000000e+01 928 929 930
77 1.8999748520e+02 5.5731004404e-01 0.0000000000e+00 976 977 978
78 1.8999749771e+02 6.9562694658e+00 0.0000000000e+00 973 974 975
79 1.8999749771e+02 6.9562694658e+00 3.2000000000e+01 979 980 981
80 1.8999748520e+02 5.5731004404e-01 3.2000000000e+01 982 983 984
81 1.9999680427e+02 7.3464589767e-01 0.0000000000e+00 1030 1031 1032
82 1.9999681554e+02 7.1336758224e+00 0.0000000000e+00 1027 1028 1029
83 1.9999681554e+02 7.1336758224e+00 3.2000000000e+01 1033 1034 1035
84 1.9999680427e+02 7.3464589767e-01 3.2000000000e+01 1036 1037 1038
85 2.0999625383e+02 9.0477319478e-01 0.0000000000e+00 1084 1085 1086
86 2.0999626364e+02 7.3038896018e+00 0.0000000000e+00 1081 1082 1083
87 2.0999626364e+02 7.3038896018e+00 3.2000000000e+01 1087 1088 1089
88 2.0999625383e+02 9.0477319478e-01 3.2000000000e+01 1090 1091 1092
89 2.1999584441e+02 1.0662306900e+00 0.0000000000e+00 1138 1139 1140
90 2.1999585265e+02 7.4654455591e+00 0.0000000000e+00 1135 1136 1137
91 2.1999585265e+02 7.4654455591e+00 3.2000000000e+01 1141 1142 1143
92 2.1999584441e+02 1.0662306900e+00 3.2000000000e+01 1144 1145 1146
93 2.2999558620e+02 1.2175639758e+00 0.0000000000e+00 1192 1193 1194
94 2.2999559282e+02 7.6168853067e+00 0.0000000000e+00 1189 1190 1191
95 2.2999559282e+02 7.6168853067e+00 3.2000000000e+01 1195 1196 1197
96 2.2999558620e+02 1.2175639758e+00 3.2000000000e+01 1198 1199 1200
97 2.3999548935e+02 1.3573186448e+00 0.0000000000e+00 1246 1247 1248
98 2.3999549441e+02 7.7567504565e+00 0.0000000000e+00 1243 1244 1245
99 2.3999549441e+02 7.7567504565e+00 3.2000000000e+01 1249 1250 1251
100 2.3999548935e+02 1.3573186448e+00 3.2000000000e+01 1252 1253 1254
101 2.4999556404e+02 1.4840402895e+00 0.0000000000e+00 1300 1301 1302
102 2.4999556768e+02 7.8835826206e+00 0.0000000000e+00 1297 1298 1299
103 2.4999556768e+02 7.8835826206e+00 3.2000000000e+01 1303 1304 1305
104 2.4999556404e+02 1.4840402895e+00 3.2000000000e+01 1306 1307 1308
105 2.5999581952e+02 1.5962754743e+00 0.0000000000e+00 1354 1355 1356
106 2.5999582196e+02 7.9959242199e+00 0.0000000000e+00 1351 1352 1353
107 2.5999582196e+02 7.9959242199e+00 3.2000000000e+01 1357 1358 1359
108 2.5999581952e+02 1.5962754743e+00 3.2000000000e+01 1360 1361 1362
109 2.6999624548e+02 1.6928638091e+00 0.0000000000e+00 1408 1409 1410
110 2.6999624701e+02 8.0926098416e+00 0.0000000000e+00 1405 1406 1407
111 2.6999624701e+02 8.0926098416e+00 3.2000000000e+01 1411 1412 1413
112 2.6999624548e+02 1.6928638091e+00 3.2000000000e+01 1414 1415 1416
113 2.7999681537e+02 1.7731736380e+00 0.0000000000e+00 1462 1463 1464
114 2.7999681625e+02 8.1730048393e+00 0.0000000000e+00 1459 1460 1461
115 2.7999681625e+02 8.1730048393e+00 3.2000000000e+01 1465 1466 1467
116 2.7999681537e+02 1.7731736380e+00 3.2000000000e+01 1468 1469 1470
117 2.8999750249e+02 1.8366235661e+00 0.0000000000e+00 1516 1517 1518
118 2.8999750292e+02 8.2365252835e+00 0.0000000000e+00 1513 1514 1515
119 2.8999750292e+02 8.2365252835e+00 3.2000000000e+01 1519 1520 1521
120 2.8999750249e+02 1.8366235661e+00 3.2000000000e+01 1522 1523 1524
121 2.9999828010e+02 1.8826321990e+00 0.0000000000e+00 1570 1571 1572
122 2.9999828027e+02 8.2825872447e+00 0.0000000000e+00 1567 1568 1569
123 2.9999828027e+02 8.2825872447e+00 3.2000000000e+01 1573 1574 1575
124 2.9999828010e+02 1.8826321990e+00 3.2000000000e+01 1576 1577 1578
125 3.0999912151e+02 1.9106181418e+00 0.0000000000e+00 1624 1625 1626
126 3.0999912154e+02 8.3106067934e+00 0.0000000000e+00 1621 1622 1623
127 3.2000000000e+02 8.3200000000e+00 0.0000000000e+00 1675 1676 1677
128 3.0999912154e+02 8.3106067934e+00 3.2000000000e+01 1627 1628 1629
129 3.0999912151e+02 1.9106181418e+00 3.2000000000e+01 1630 1631 1632
130 3.2000000000e+02 8.3200000000e+00 3.2000000000e+01 1681 1682 1683
131 3.2000000000e+02 1.9200000000e+00 0.0000000000e+00 1678 1679 1680
132 3.3000087846e+02 8.3106067934e+00 0.0000000000e+00 1729 1730 1731
133 3.2000000000e+02 1.9200000000e+00 3.2000000000e+01 1684 1685 1686
134 3.3000087846e+02 8.3106067934e+00 3.2000000000e+01 1732 1733 1734
135 3.3000087849e+02 1.9106181418e+00 0.0000000000e+00 1756 1757 1758
136 3.4000171973e+02 8.2825872447e+00 0.0000000000e+00 1783 1784 1785
137 3.3000087849e+02 1.9106181418e+00 3.2000000000e+01 1759 1760 1761
138 3.4000171973e+02 8.2825872447e+00 3.2000000000e+01 1786 1787 1788
139 3.4000171990e+02 1.8826321990e+00 0.0000000000e+00 1810 1811 1812
140 3.5000249708e+02 8.2365252835e+00 0.0000000000e+00 1837 1838 1839
141 3.4000171990e+02 1.8826321990e+00 3.2000000000e+01 1813 1814 1815
142 3.5000249708e+02 8.2365252835e+00 3.2000000000e+01 1840 1841 1842
143 3.5000249751e+02 1.8366235661e+00 0.0000000000e+00 1864 1865 1866
144 3.6000318375e+02 8.1730048393e+00 0.0000000000e+00 1891 1892 1893
145 3.5000249751e+02 1.8366235661e+00 3.2000000000e+01 1867 1868 1869
146 3.6000318375e+02 8.1730048393e+00 3.2000000000e+01 1894 1895 1896
147 3.6000318463e+02 1.7731736380e+00 0.0000000000e+00 1918 1919 1920
148 3.7000375299e+02 8.0926098416e+00 0.0000000000e+00 1945 1946 1947
149 3.6000318463e+02 1.7731736380e+00 3.2000000000e+01 1921 1922 1923
150 3.7000375299e+02 8.0926098416e+00 3.2000000000e+01 1948 1949 1950
151 3.7000375452e+02 1.6928638091e+00 0.0000000000e+00 1972 1973 1974
152 3.8000417804e+02 7.9959242199e+00 0.0000000000e+00 1999 2000 2001
153 3.7000375452e+02 1.6928638091e+00 3.2000000000e+01 1975 1976 1977
154 3.8000417804e+02 7.9959242199e+00 3.2000000000e+01 2002 2003 2004
155 3.8000418048e+02 1.5962754743e+00 0.0000000000e+00 2026 2027 2028
156 3.9000443232e+02 7.8835826206e+00 0.0000000000e+00 2053 2054 2055
157 3.8000418048e+02 1.5962754743e+00 3.2000000000e+01 2029 2030 2031
158 3.9000443232e+02 7.8835826206e+00 3.2000000000e+01 2056 2057 2058
159 3.9000443596e+02 1.4840402895e+00 0.0000000000e+00 2080 2081 2082
160 4.0000450559e+02 7.7567504565e+00 0.0000000000e+00 2107 2108 2109
161 3.9000443596e+02 1.4840402895e+00 3.2000000000e+01 2083 2084 2085
162 4.0000450559e+02 7.7567504565e+00 3.2000000000e+01 2110 2111 2112
163 4.0000451065e+02 1.3573186448e+00 0.0000000000e+00 2134 2135 2136
164 4.1000440718e+02 7.6168853067e+00 0.0000000000e+00 2161 2162 2163
165 4.0000451065e+02 1.3573186448e+00 3.2000000000e+01 2137 2138 2139
166 4.1000440718e+02 7.6168853067e+00 3.2000000000e+01 2164 2165 2166
167 4.1000441380e+02 1.2175639758e+00 0.0000000000e+00 2188 2189 2190
168 4.2000414735e+02 7.4654455591e+00 0.0000000000e+00 2215 2216 2217
169 4.1000441380e+02 1.2175639758e+00 3.2000000000e+01 2191 2192 2193
170 4.2000414735e+02 7.4654455591e+00 3.2000000000e+01 2218 2219 2220
171 4.2000415559e+02 1.0662306900e+00 0.0000000000e+00 2242 2243 2244
172 4.3000373636e+02 7.3038896018e+00 0.0000000000e+00 2269 2270 2271
173 4.2000415559e+02 1.0662306900e+00 3.2000000000e+01 2245 2246 2247
174 4.3000373636e+02 7.3038896018e+00 3.2000000000e+01 2272 2273 2274
175 4.3000374617e+02 9.0477319478e-01 0.0000000000e+00 2296 2297 2298
176 4.4000318446e+02 7.1336758224e+00 0.0000000000e+00 2323 2324 2325
177 4.3000374617e+02 9.0477319478e-01 3.2000000000e+01 2299 2300 2301
178 4.4000318446e+02 7.1336758224e+00 3.2000000000e+01 2326 2327 2328
179 4.4000319573e+02 7.3464589767e-01 0.0000000000e+00 2350 2351 2352
180 4.5000250229e+02 6.9562694658e+00 0.0000000000e+00 2377 2378 2379
181 4.4000319573e+02 7.3464589767e-01 3.2000000000e+01 2353 2354 2355
182 4.5000250229e+02 6.9562694658e+00 3.2000000000e+01 2380 2381 2382
183 4.5000251480e+02 5.5731004404e-01 0.0000000000e+00 2404 2405 2406
184 4.6000171802e+02 6.7734346686e+00 0.0000000000e+00 2431 2432 2433
185 4.5000251480e+02 5.5731004404e-01 3.2000000000e+01 2407 2408 2409
186 4.6000171802e+02 6.7734346686e+00 3.2000000000e+01 2434 2435 2436
187 4.6000173144e+02 3.7452612452e-01 0.0000000000e+00 2458 2459 2460
188 4.7000086822e+02 6.5870369082e+00 0.0000000000e+00 2485 2486 2487
189 4.6000173144e+02 3.7452612452e-01 3.2000000000e+01 2461 2462 2463
190 4.7000086822e+02 6.5870369082e+00 3.2000000000e+01 2488 2489 2490
191 4.7000088219e+02 1.8815889080e-01 0.0000000000e+00 2512 2513 2514
192 4.7999998585e+02 6.3988678418e+00 0.0000000000e+00 2539 2540 2541
193 4.7000088219e+02 1.8815889080e-01 3.2000000000e+01 2515 2516 2517
194 4.7999998585e+02 6.3988678418e+00 3.2000000000e+01 2542 2543 2544
195 4.8000000000e+02 -5.2735593670e-16 0.0000000000e+00 2566 2567 2568
196 4.8999910384e+02 6.2107191265e+00 0.0000000000e+00 2593 2594 2595
197 4.8000000000e+02 -1.0685896612e-15 3.2000000000e+01 2569 2570 2571
198 4.8999910384e+02 6.2107191265e+00 3.2000000000e+01 2596 2597 2598
199 4.8999911781e+02 -1.8815889080e-01 0.0000000000e+00 2620 2621 2622
200 4.9999825514e+02 6.0243824194e+00 0.0000000000e+00 2647 2648 2649
201 4.8999911781e+02 -1.8815889080e-01 3.2000000000e+01 2623 2624 2625
202 4.9999825514e+02 6.0243824194e+00 3.2000000000e+01 2650 2651 2652
203 4.9999826856e+02 -3.7452612452e-01 0.0000000000e+00 2674 2675 2676
204 5.0999747269e+02 5.8416493775e+00 0.0000000000e+00 2701 2702 2703
205 4.9999826856e+02 -3.7452612452e-01 3.2000000000e+01 2677 2678 2679
206 5.0999747269e+02 5.8416493775e+00 3.2000000000e+01 2704 2705 2706
207 5.0999748520e+02 -5.5731004404e-01 0.0000000000e+00 2728 2729 2730
208 5.1999679300e+02 5.6643840269e+00 0.0000000000e+00 2755 2756 2757
209 5.0999748520e+02 -5.5731004404e-01 3.2000000000e+01 2731 2732 2733
210 5.1999679300e+02 5.6643840269e+00 3.2000000000e+01 2758 2759 2760
211 5.1999680427e+02 -7.3464589767e-01 0.0000000000e+00 2782 2783 2784
212 5.2999624401e+02 5.4943432120e+00 0.0000000000e+00 2809 2810 2811
213 5.1999680427e+02 -7.3464589767e-01 3.2000000000e+01 2785 2786 2787
214 5.2999624401e+02 5.4943432120e+00 3.2000000000e+01 2812 2813 2814
215 5.2999625383e+02 -9.0477319478e-01 0.0000000000e+00 2836 2837 2838
216 5.3999583617e+02 5.3329841790e+00 0.0000000000e+00 2863 2864 2865
217 5.2999625383e+02 -9.0477319478e-01 3.2000000000e+01 2839 2840 2841
218 5.3999583617e+02 5.3329841790e+00 3.2000000000e+01 2866 2867 2868
219 5.3999584441e+02 -1.0662306900e+00 0.0000000000e+00 2890 2891 2892
220 5.4999557957e+02 5.1817573549e+00 0.0000000000e+00 2917 2918 2919
221 5.3999584441e+02 -1.0662306900e+00 3.2000000000e+01 2893 2894 2895
222 5.4999557957e+02 5.1817573549e+00 3.2000000000e+01 2920 2921 2922
223 5.4999558620e+02 -1.2175639758e+00 0.0000000000e+00 2944 2945 2946
224 5.5999548428e+02 5.0421131668e+00 0.0000000000e+00 2971 2972 2973
225 5.4999558620e+02 -1.2175639758e+00 3.2000000000e+01 2947 2948 2949
226 5.5999548428e+02 5.0421131668e+00 3.2000000000e+01 2974 2975 2976
227 5.5999548935e+02 -1.3573186448e+00 0.0000000000e+00 2998 2999 3000
228 5.6999556039e+02 4.9155020416e+00 0.0000000000e+00 3025 3026 3027
229 5.5999548935e+02 -1.3573186448e+00 3.2000000000e+01 3001 3002 3003
230 5.6999556039e+02 4.9155020416e+00 3.2000000000e+01 3028 3029 3030
231 5.6999556404e+02 -1.4840402895e+00 0.0000000000e+00 3052 3053 3054
232 5.7999581707e+02 4.8033732712e+00 0.0000000000e+00 3079 3080 3081
233 5.6999556404e+02 -1.4840402895e+00 3.2000000000e+01 3055 3056 3057
234 5.7999581707e+02 4.8033732712e+00 3.2000000000e+01 3082 3083 3084
235 5.7999581952e+02 -1.5962754743e+00 0.0000000000e+00 3106 3107 3108
236 5.8999624395e+02 4.7068822233e+00 0.0000000000e+00 3133 3134 3135
237 5.7999581952e+02 -1.5962754743e+00 3.2000000000e+01 3109 3110 3111
238 5.8999624395e+02 4.7068822233e+00 3.2000000000e+01 3136 3137 3138
239 5.8999624548e+02 -1.6928638091e+00 0.0000000000e+00 3160 3161 3162
240 5.9999681450e+02 4.6266575634e+00 0.0000000000e+00 3187 3188 3189
241 5.8999624548e+02 -1.6928638091e+00 3.2000000000e+01 3163 3164 3165
242 5.9999681450e+02 4.6266575634e+00 3.2000000000e+01 3190 3191 3192
243 5.9999681537e+02 -1.7731736380e+00 0.0000000000e+00 3214 3215 3216
244 6.0999750205e+02 4.5632781513e+00 0.0000000000e+00 3241 3242 3243
245 5.9999681537e+02 -1.7731736380e+00 3.2000000000e+01 3217 3218 3219
246 6.0999750205e+02 4.5632781513e+00 3.2000000000e+01 3244 3245 3246
247 6.0999750249e+02 -1.8366235661e+00 0.0000000000e+00 3268 3269 3270
248 6.1999827994e+02 4.5173228468e+00 0.0000000000e+00 3295 3296 3297
249 6.0999750249e+02 -1.8366235661e+00 3.2000000000e+01 3271 3272 3273
250 6.1999827994e+02 4.5173228468e+00 3.2000000000e+01 3298 3299 3300
251 6.1999828010e+02 -1.8826321990e+00 0.0000000000e+00 3322 3323 3324
252 6.2999912148e+02 4.4893705098e+00 0.0000000000e+00 3349 3350 3351
253 6.1999828010e+02 -1.8826321990e+00 3.2000000000e+01 3325 3326 3327
254 6.2999912148e+02 4.4893705098e+00 3.2000000000e+01 3352 3353 3354
255 6.2999912151e+02 -1.9106181418e+00 0.0000000000e+00 3376 3377 3378
256 6.4000000000e+02 4.4800000000e+00 0.0000000000e+00 - - -
257 6.2999912151e+02 -1.9106181418e+00 3.2000000000e+01 3379 3380 3381
258 6.4000000000e+02 4.4800000000e+00 3.2000000000e+01 - - -
259 6.4000000000e+02 -1.9200000000e+00 0.0000000000e+00 - - -
260 6.4000000000e+02 -1.9200000000e+00 3.2000000000e+01 - - -
261 5.0004422104e+00 -1.9176709187e+00 0.0000000000e+00 46 47 48
262 1.5001305499e+01 -1.8989143438e+00 0.0000000000e+00 100 101 102
263 2.5002118350e+01 -1.8618443816e+00 0.0000000000e+00 154 155 156
264 3.5002854053e+01 -1.8070424268e+00 0.0000000000e+00 208 209 210
265 4.5003485894e+01 -1.7350898740e+00 0.0000000000e+00 262 263 264
266 5.5003987162e+01 -1.6465681178e+00 0.0000000000e+00 316 317 318
267 6.5004331117e+01 -1.5420592254e+00 0.0000000000e+00 370 371 372
268 7.5004495386e+01 -1.4223994957e+00 0.0000000000e+00 424 425 426
269 8.5004483035e+01 -1.2889795379e+00 0.0000000000e+00 478 479 480
270 9.5004304232e+01 -1.1432537595e+00 0.0000000000e+00 532 533 534
271 1.0500396915e+02 -9.8667656809e-01 0.0000000000e+00 586 587 588
272 1.1500348794e+02 -8.2070237100e-01 0.0000000000e+00 640 641 642
273 1.2500287080e+02 -6.4678557572e-01 0.0000000000e+00 694 695 696
274 1.3500213342e+02 -4.6647797712e-01 0.0000000000e+00 748 749 750
275 1.4500131300e+02 -2.8167844337e-01 0.0000000000e+00 802 803 804
276 1.5500044316e+02 -9.4191423971e-02 0.0000000000e+00 856 857 858
277 1.6499955684e+02 9.4191423971e-02 0.0000000000e+00 910 911 912
278 1.7499868700e+02 2.8167844337e-01 0.0000000000e+00 964 965 966
279 1.8499786658e+02 4.6647797712e-01 0.0000000000e+00 1018 1019 1020
280 1.9499712920e+02 6.4678557572e-01 0.0000000000e+00 1072 1073 1074
281 2.0499651206e+02 8.2070237100e-01 0.0000000000e+00 1126 1127 1128
282 2.1499603085e+02 9.8667656809e-01 0.0000000000e+00 1180 1181 1182
283 2.2499569577e+02 1.1432537595e+00 0.0000000000e+00 1234 1235 1236
284 2.3499551697e+02 1.2889795379e+00 0.0000000000e+00 1288 1289 1290
285 2.4499550461e+02 1.4223994957e+00 0.0000000000e+00 1342 1343 1344
286 2.5499566888e+02 1.5420592254e+00 0.0000000000e+00 1396 1397 1398
287 2.6499601284e+02 1.6465681178e+00 0.0000000000e+00 1450 1451 1452
288 2.7499651411e+02 1.7350898740e+00 0.0000000000e+00 1504 1505 1506
289 2.8499714595e+02 1.8070424268e+00 0.0000000000e+00 1558 1559 1560
290 2.9499788165e+02 1.8618443816e+00 0.0000000000e+00 1612 1613 1614
291 3.0499869450e+02 1.8989143438e+00 0.0000000000e+00 1666 1667 1668
292 3.1499955779e+02 1.9176709187e+00 0.0000000000e+00 1720 1721 1722
293 5.0004422104e+00 -1.9176709187e+00 3.2000000000e+01 49 50 51
294 1.5001305499e+01 -1.8989143438e+00 3.2000000000e+01 103 104 105
295 2.5002118350e+01 -1.8618443816e+00 3.2000000000e+01 157 158 159
296 3.5002854053e+01 -1.8070424268e+00 3.2000000000e+01 211 212 213
297 4.5003485894e+01 -1.7350898740e+00 3.2000000000e+01 265 266 267
298 5.5003987162e+01 -1.6465681178e+00 3.2000000000e+01 319 320 321
299 6.5004331117e+01 -1.5420592254e+00 3.2000000000e+01 373 374 375
300 7.5004495386e+01 -1.4223994957e+00 3.2000000000e+01 427 428 429
301 8.5004483035e+01 -1.2889795379e+00 3.2000000000e+01 481 482 483
302 9.5004304232e+01 -1.1432537595e+00 3.2000000000e+01 535 536 537
303 1.0500396915e+02 -9.8667656809e-01 3.2000000000e+01 589 590 591
304 1.1500348794e+02 -8.2070237100e-01 3.2000000000e+01 643 644 645
305 1.2500287080e+02 -6.4678557572e-01 3.2000000000e+01 697 698 699
306 1.3500213342e+02 -4.6647797712e-01 3.2000000000e+01 751 752 753
307 1.4500131300e+02 -2.8167844337e-01 3.2000000000e+01 805 806 807
308 1.5500044316e+02 -9.4191423971e-02 3.2000000000e+01 859 860 861
309 1.6499955684e+02 9.4191423971e-02 3.2000000000e+01 913 914 915
310 1.7499868700e+02 2.8167844337e-01 3.2000000000e+01 967 968 969
311 1.8499786658e+02 4.6647797712e-01 3.2000000000e+01 1021 1022 1023
312 1.9499712920e+02 6.4678557572e-01 3.2000000000e+01 1075 1076 1077
313 2.0499651206e+02 8.2070237100e-01 3.2000000000e+01 1129 1130 1131
314 2.1499603085e+02 9.8667656809e-01 3.2000000000e+01 1183 1184 1185
315 2.2499569577e+02 1.1432537595e+00 3.2000000000e+01 1237 1238 1239
316 2.3499551697e+02 1.2889795379e+00 3.2000000000e+01 1291 1292 1293
317 2.4499550461e+02 1.4223994957e+00 3.2000000000e+01 1345 1346 1347
318 2.5499566888e+02 1.5420592254e+00 3.2000000000e+01 1399 1400 1401
319 2.6499601284e+02 1.6465681178e+00 3.2000000000e+01 1453 1454 1455
320 2.7499651411e+02 1.7350898740e+00 3.2000000000e+01 1507 1508 1509
321 2.8499714595e+02 1.8070424268e+00 3.2000000000e+01 1561 1562 1563
322 2.9499788165e+02 1.8618443816e+00 3.2000000000e+01 1615 1616 1617
323 3.0499869450e+02 1.8989143438e+00 3.2000000000e+01 1669 1670 1671
324 3.1499955779e+02 1.9176709187e+00 3.2000000000e+01 1723 1724 1725
325 5.0004422183e+00 4.4823263477e+00 0.0000000000e+00 13 14 15
326 1.5001305584e+01 4.5010601286e+00 0.0000000000e+00 67 68 69
327 2.5002118629e+01 4.5380863068e+00 0.0000000000e+00 121 122 123
328 3.5002854681e+01 4.5928260226e+00 0.0000000000e+00 175 176 177
329 4.5003487067e+01 4.6647004161e+00 0.0000000000e+00 229 230 231
330 5.5003989115e+01 4.7531306275e+00 0.0000000000e+00 283 284 285
331 6.5004334126e+01 4.8575371361e+00 0.0000000000e+00 337 338 339
332 7.5004499717e+01 4.9770878196e+00 0.0000000000e+00 391 392 393
333 8.5004488869e+01 5.1103967796e+00 0.0000000000e+00 445 446 447
334 9.5004311663e+01 5.2560135891e+00 0.0000000000e+00 499 500 501
335 1.0500397818e+02 5.4124878211e+00 0.0000000000e+00 553 554 555
336 1.1500349851e+02 5.5783690484e+00 0.0000000000e+00 607 608 609
337 1.2500288272e+02 5.7522068441e+00 0.0000000000e+00 661 662 663
338 1.3500214643e+02 5.9324534617e+00 0.0000000000e+00 715 716 717
339 1.4500132674e+02 6.1172122934e+00 0.0000000000e+00 769 770 771
340 1.5500045726e+02 6.3046789617e+00 0.0000000000e+00 823 824 825
341 1.6499957095e+02 6.4930618097e+00 0.0000000000e+00 877 878 879
342 1.7499870075e+02 6.6805691802e+00 0.0000000000e+00 931 932 933
343 1.8499787960e+02 6.8654094161e+00 0.0000000000e+00 985 986 987
344 1.9499714113e+02 7.0457779958e+00 0.0000000000e+00 1039 1040 1041
345 2.0499652262e+02 7.2197737906e+00 0.0000000000e+00 1093 1094 1095
346 2.1499603989e+02 7.3858409574e+00 0.0000000000e+00 1147 1148 1149
347 2.2499570320e+02 7.5425211084e+00 0.0000000000e+00 1201 1202 1203
348 2.3499552280e+02 7.6883558555e+00 0.0000000000e+00 1255 1256 1257
349 2.4499550894e+02 7.8218868110e+00 0.0000000000e+00 1309 1310 1311
350 2.5499567189e+02 7.9416555869e+00 0.0000000000e+00 1363 1364 1365
351 2.6499601479e+02 8.0462668631e+00 0.0000000000e+00 1417 1418 1419
352 2.7499651528e+02 8.1348801640e+00 0.0000000000e+00 1471 1472 1473
353 2.8499714657e+02 8.2069108762e+00 0.0000000000e+00 1525 1526 1527
354 2.9499788193e+02 8.2617750701e+00 0.0000000000e+00 1579 1580 1581
355 3.0499869459e+02 8.2988888162e+00 0.0000000000e+00 1633 1634 1635
356 3.1499955780e+02 8.3176681850e+00 0.0000000000e+00 1687 1688 1689
357 5.0004422183e+00 4.4823263477e+00 3.2000000000e+01 28 29 30
358 1.5001305584e+01 4.5010601286e+00 3.2000000000e+01 82 83 84
359 2.5002118629e+01 4.5380863068e+00 3.2000000000e+01 136 137 138
360 3.5002854681e+01 4.5928260226e+00 3.2000000000e+01 190 191 192
361 4.5003487067e+01 4.6647004161e+00 3.2000000000e+01 244 245 246
362 5.5003989115e+01 4.7531306275e+00 3.2000000000e+01 298 299 300
363 6.5004334126e+01 4.8575371361e+00 3.2000000000e+01 352 353 354
364 7.5004499717e+01 4.9770878196e+00 3.2000000000e+01 406 407 408
365 8.5004488869e+01 5.1103967796e+00 3.2000000000e+01 460 461 462
366 9.5004311663e+01 5.2560135891e+00 3.2000000000e+01 514 515 516
367 1.0500397818e+02 5.4124878211e+00 3.2000000000e+01 568 569 570
368 1.1500349851e+02 5.5783690484e+00 3.2000000000e+01 622 623 624
369 1.2500288272e+02 5.7522068441e+00 3.2000000000e+01 676 677 678
370 1.3500214643e+02 5.9324534617e+00 3.2000000000e+01 730 731 732
371 1.4500132674e+02 6.1172122934e+00 3.2000000000e+01 784 785 786
372 1.5500045726e+02 6.3046789617e+00 3.2000000000e+01 838 839 840
373 1.6499957095e+02 6.4930618097e+00 3.2000000000e+01 892 893 894
374 1.7499870075e+02 6.6805691802e+00 3.2000000000e+01 946 947 948
375 1.8499787960e+02 6.8654094161e+00 3.2000000000e+01 1000 1001 1002
376 1.9499714113e+02 7.0457779958e+00 3.2000000000e+01 1054 1055 1056
377 2.0499652262e+02 7.2197737906e+00 3.2000000000e+01 1108 1109 1110
378 2.1499603989e+02 7.3858409574e+00 3.2000000000e+01 1162 1163 1164
379 2.2499570320e+02 7.5425211084e+00 3.2000000000e+01 1216 1217 1218
380 2.3499552280e+02 7.6883558555e+00 3.2000000000e+01 1270 1271 1272
381 2.4499550894e+02 7.8218868110e+00 3.2000000000e+01 1324 1325 1326
382 2.5499567189e+02 7.9416555869e+00 3.2000000000e+01 1378 1379 1380
383 2.6499601479e+02 8.0462668631e+00 3.2000000000e+01 1432 1433 1434
384 2.7499651528e+02 8.1348801640e+00 3.2000000000e+01 1486 1487 1488
385 2.8499714657e+02 8.2069108762e+00 3.2000000000e+01 1540 1541 1542
386 2.9499788193e+02 8.2617750701e+00 3.2000000000e+01 1594 1595 1596
387 3.0499869459e+02 8.2988888162e+00 3.2000000000e+01 1648 1649 1650
388 3.1499955780e+02 8.3176681850e+00 3.2000000000e+01 1702 1703 1704
389 3.2500044221e+02 1.9176709187e+00 0.0000000000e+00 1765 1766 1767
390 3.3500130550e+02 1.8989143438e+00 0.0000000000e+00 1819 1820 1821
391 3.4500211835e+02 1.8618443816e+00 0.0000000000e+00 1873 1874 1875
392 3.5500285405e+02 1.8070424268e+00 0.0000000000e+00 1927 1928 1929
393 3.6500348589e+02 1.7350898740e+00 0.0000000000e+00 1981 1982 1983
394 3.7500398716e+02 1.6465681178e+00 0.0000000000e+00 2035 2036 2037
395 3.8500433112e+02 1.5420592254e+00 0.0000000000e+00 2089 2090 2091
396 3.9500449539e+02 1.4223994957e+00 0.0000000000e+00 2143 2144 2145
397 4.0500448303e+02 1.2889795379e+00 0.0000000000e+00 2197 2198 2199
398 4.1500430423e+02 1.1432537595e+00 0.0000000000e+00 2251 2252 2253
399 4.2500396915e+02 9.8667656809e-01 0.0000000000e+00 2305 2306 2307
400 4.3500348794e+02 8.2070237100e-01 0.0000000000e+00 2359 2360 2361
401 4.4500287080e+02 6.4678557572e-01 0.0000000000e+00 2413 2414 2415
402 4.5500213342e+02 4.6647797712e-01 0.0000000000e+00 2467 2468 2469
403 4.6500131300e+02 2.8167844337e-01 0.0000000000e+00 2521 2522 2523
404 4.7500044316e+02 9.4191423971e-02 0.0000000000e+00 2575 2576 2577
405 4.8499955684e+02 -9.4191423971e-02 0.0000000000e+00 2629 2630 2631
406 4.9499868700e+02 -2.8167844337e-01 0.0000000000e+00 2683 2684 2685
407 5.0499786658e+02 -4.6647797712e-01 0.0000000000e+00 2737 2738 2739
408 5.1499712920e+02 -6.4678557572e-01 0.0000000000e+00 2791 2792 2793
409 5.2499651206e+02 -8.2070237100e-01 0.0000000000e+00 2845 2846 2847
410 5.3499603085e+02 -9.8667656809e-01 0.0000000000e+00 2899 2900 2901
411 5.4499569577e+02 -1.1432537595e+00 0.0000000000e+00 2953 2954 2955
412 5.5499551697e+02 -1.2889795379e+00 0.0000000000e+00 3007 3008 3009
413 5.6499550461e+02 -1.4223994957e+00 0.0000000000e+00 3061 3062 3063
414 5.7499566888e+02 -1.5420592254e+00 0.0000000000e+00 3115 3116 3117
415 5.8499601284e+02 -1.6465681178e+00 0.0000000000e+00 3169 3170 3171
416 5.9499651411e+02 -1.7350898740e+00 0.0000000000e+00 3223 3224 3225
417 6.0499714595e+02 -1.8070424268e+00 0.0000000000e+00 3277 3278 3279
418 6.1499788165e+02 -1.8618443816e+00 0.0000000000e+00 3331 3332 3333
419 6.2499869450e+02 -1.8989143438e+00 0.0000000000e+00 3385 3386 3387
420 6.3499955779e+02 -1.9176709187e+00 0.0000000000e+00 3421 3422 3423
421 3.2500044221e+02 1.9176709187e+00 3.2000000000e+01 1774 1775 1776
422 3.3500130550e+02 1.8989143438e+00 3.2000000000e+01 1828 1829 1830
423 3.4500211835e+02 1.8618443816e+00 3.2000000000e+01 1882 1883 1884
424 3.5500285405e+02 1.8070424268e+00 3.2000000000e+01 1936 1937 1938
425 3.6500348589e+02 1.7350898740e+00 3.2000000000e+01 1990 1991 1992
426 3.7500398716e+02 1.6465681178e+00 3.2000000000e+01 2044 2045 2046
427 3.8500433112e+02 1.5420592254e+00 3.2000000000e+01 2098 2099 2100
428 3.9500449539e+02 1.4223994957e+00 3.2000000000e+01 2152 2153 2154
429 4.0500448303e+02 1.2889795379e+00 3.2000000000e+01 2206 2207 2208
430 4.1500430423e+02 1.1432537595e+00 3.2000000000e+01 2260 2261 2262
431 4.2500396915e+02 9.8667656809e-01 3.2000000000e+01 2314 2315 2316
432 4.3500348794e+02 8.2070237100e-01 3.2000000000e+01 2368 2369 2370
433 4.4500287080e+02 6.4678557572e-01 3.2000000000e+01 2422 2423 2424
434 4.5500213342e+02 4.6647797712e-01 3.2000000000e+01 2476 2477 2478
435 4.6500131300e+02 2.8167844337e-01 3.2000000000e+01 2530 2531 2532
436 4.7500044316e+02 9.4191423971e-02 3.2000000000e+01 2584 2585 2586
437 4.8499955684e+02 -9.4191423971e-02 3.2000000000e+01 2638 2639 2640
438 4.9499868700e+02 -2.8167844337e-01 3.2000000000e+01 2692 2693 2694
439 5.0499786658e+02 -4.6647797712e-01 3.2000000000e+01 2746 2747 2748
440 5.1499712920e+02 -6.4678557572e-01 3.2000000000e+01 2800 2801 2802
441 5.2499651206e+02 -8.2070237100e-01 3.2000000000e+01 2854 2855 2856
442 5.3499603085e+02 -9.8667656809e-01 3.2000000000e+01 2908 2909 2910
443 5.4499569577e+02 -1.1432537595e+00 3.2000000000e+01 2962 2963 2964
444 5.5499551697e+02 -1.2889795379e+00 3.2000000000e+01 3016 3017 3018
445 5.6499550461e+02 -1.4223994957e+00 3.2000000000e+01 3070 3071 3072
446 5.7499566888e+02 -1.5420592254e+00 3.2000000000e+01 3124 3125 3126
447 5.8499601284e+02 -1.6465681178e+00 3.2000000000e+01 3178 3179 3180
448 5.9499651411e+02 -1.7350898740e+00 3.2000000000e+01 3232 3233 3234
449 6.0499714595e+02 -1.8070424268e+00 3.2000000000e+01 3286 3287 3288
450 6.1499788165e+02 -1.8618443816e+00 3.2000000000e+01 3340 3341 3342
451 6.2499869450e+02 -1.8989143438e+00 3.2000000000e+01 3394 3395 3396
452 6.3499955779e+02 -1.9176709187e+00 3.2000000000e+01 3424 3425 3426
453 3.2500044220e+02 8.3176681850e+00 0.0000000000e+00 1735 1736 1737
454 3.3500130541e+02 8.2988888162e+00 0.0000000000e+00 1789 1790 1791
455 3.4500211807e+02 8.2617750701e+00 0.0000000000e+00 1843 1844 1845
456 3.5500285343e+02 8.2069108762e+00 0.0000000000e+00 1897 1898 1899
457 3.6500348472e+02 8.1348801640e+00 0.0000000000e+00 1951 1952 1953
458 3.7500398521e+02 8.0462668631e+00 0.0000000000e+00 2005 2006 2007
459 3.8500432811e+02 7.9416555869e+00 0.0000000000e+00 2059 2060 2061
460 3.9500449106e+02 7.8218868110e+00 0.0000000000e+00 2113 2114 2115
461 4.0500447720e+02 7.6883558555e+00 0.0000000000e+00 2167 2168 2169
462 4.1500429680e+02 7.5425211084e+00 0.0000000000e+00 2221 2222 2223
463 4.2500396011e+02 7.3858409574e+00 0.0000000000e+00 2275 2276 2277
464 4.3500347738e+02 7.2197737906e+00 0.0000000000e+00 2329 2330 2331
465 4.4500285887e+02 7.0457779958e+00 0.0000000000e+00 2383 2384 2385
466 4.5500212040e+02 6.8654094161e+00 0.0000000000e+00 2437 2438 2439
467 4.6500129925e+02 6.6805691802e+00 0.0000000000e+00 2491 2492 2493
468 4.7500042905e+02 6.4930618097e+00 0.0000000000e+00 2545 2546 2547
469 4.8499954274e+02 6.3046789617e+00 0.0000000000e+00 2599 2600 2601
470 4.9499867326e+02 6.1172122934e+00 0.0000000000e+00 2653 2654 2655
471 5.0499785357e+02 5.9324534617e+00 0.0000000000e+00 2707 2708 2709
472 5.1499711728e+02 5.7522068441e+00 0.0000000000e+00 2761 2762 2763
473 5.2499650149e+02 5.5783690484e+00 0.0000000000e+00 2815 2816 2817
474 5.3499602182e+02 5.4124878211e+00 0.0000000000e+00 2869 2870 2871
475 5.4499568834e+02 5.2560135891e+00 0.0000000000e+00 2923 2924 2925
476 5.5499551113e+02 5.1103967796e+00 0.0000000000e+00 2977 2978 2979
477 5.6499550028e+02 4.9770878196e+00 0.0000000000e+00 3031 3032 3033
478 5.7499566587e+02 4.8575371361e+00 0.0000000000e+00 3085 3086 3087
479 5.8499601089e+02 4.7531306275e+00 0.0000000000e+00 3139 3140 3141
480 5.9499651293e+02 4.6647004161e+00 0.0000000000e+00 3193 3194 3195
481 6.0499714532e+02 4.5928260226e+00 0.0000000000e+00 3247 3248 3249
482 6.1499788137e+02 4.5380863068e+00 0.0000000000e+00 3301 3302 3303
483 6.2499869442e+02 4.5010601286e+00 0.0000000000e+00 3355 3356 3357
484 6.3499955778e+02 4.4823263477e+00 0.0000000000e+00 3403 3404 3405
485 3.2500044220e+02 8.3176681850e+00 3.2000000000e+01 1744 1745 1746
486 3.3500130541e+02 8.2988888162e+00 3.2000000000e+01 1798 1799 1800
487 3.4500211807e+02 8.2617750701e+00 3.2000000000e+01 1852 1853 1854
488 3.5500285343e+02 8.2069108762e+00 3.2000000000e+01 1906 1907 1908
489 3.6500348472e+02 8.1348801640e+00 3.2000000000e+01 1960 1961 1962
490 3.7500398521e+02 8.0462668631e+00 3.2000000000e+01 2014 2015 2016
491 3.8500432811e+02 7.9416555869e+00 3.2000000000e+01 2068 2069 2070
492 3.9500449106e+02 7.8218868110e+00 3.2000000000e+01 2122 2123 2124
493 4.0500447720e+02 7.6883558555e+00 3.2000000000e+01 2176 2177 2178
494 4.1500429680e+02 7.5425211084e+00 3.2000000000e+01 2230 2231 2232
495 4.2500396011e+02 7.3858409574e+00 3.2000000000e+01 2284 2285 2286
496 4.3500347738e+02 7.2197737906e+00 3.2000000000e+01 2338 2339 2340
497 4.4500285887e+02 7.0457779958e+00 3.2000000000e+01 2392 2393 2394
498 4.5500212040e+02 6.8654094161e+00 3.2000000000e+01 2446 2447 2448
499 4.6500129925e+02 6.6805691802e+00 3.2000000000e+01 2500 2501 2502
500 4.7500042905e+02 6.4930618097e+00 3.2000000000e+01 2554 2555 2556
501 4.8499954274e+02 6.3046789617e+00 3.2000000000e+01 2608 2609 2610
502 4.9499867326e+02 6.1172122934e+00 3.2000000000e+01 2662 2663 2664
503 5.0499785357e+02 5.9324534617e+00 3.2000000000e+01 2716 2717 2718
504 5.1499711728e+02 5.7522068441e+00 3.2000000000e+01 2770 2771 2772
505 5.2499650149e+02 5.5783690484e+00 3.2000000000e+01 2824 2825 2826
506 5.3499602182e+02 5.4124878211e+00 3.2000000000e+01 2878 2879 2880
507 5.4499568834e+02 5.2560135891e+00 3.2000000000e+01 2932 2933 2934
508 5.5499551113e+02 5.1103967796e+00 3.2000000000e+01 2986 2987 2988
509 5.6499550028e+02 4.9770878196e+00 3.2000000000e+01 3040 3041 3042
510 5.7499566587e+02 4.8575371361e+00 3.2000000000e+01 3094 3095 3096
511 5.8499601089e+02 4.7531306275e+00 3.2000000000e+01 3148 3149 3150
512 5.9499651293e+02 4.6647004161e+00 3.2000000000e+01 3202 3203 3204
513 6.0499714532e+02 4.5928260226e+00 3.2000000000e+01 3256 3257 3258
514 6.1499788137e+02 4.5380863068e+00 3.2000000000e+01 3310 3311 3312
515 6.2499869442e+02 4.5010601286e+00 3.2000000000e+01 3364 3365 3366
516 6.3499955778e+02 4.4823263477e+00 3.2000000000e+01 3409 3410 3411
517 0.0000000000e+00 -1.9200000000e+00 1.6000000000e+01 - - -
518 0.0000000000e+00 1.2800000000e+00 0.0000000000e+00 - - -
519 0.0000000000e+00 1.2800000000e+00 3.2000000000e+01 - - -
520 0.0000000000e+00 4.4800000000e+00 1.6000000000e+01 - - -
521 3.2000000000e+02 1.9200000000e+00 1.6000000000e+01 1699 1700 1701
522 3.2000000000e+02 5.1200000000e+00 0.0000000000e+00 1690 1691 1692
523 3.2000000000e+02 5.1200000000e+00 3.2000000000e+01 1705 1706 1707
524 3.2000000000e+02 8.3200000000e+00 1.6000000000e+01 1693 1694 1695
525 6.4000000000e+02 -1.9200000000e+00 1.6000000000e+01 - - -
526 6.4000000000e+02 1.2800000000e+00 0.0000000000e+00 - - -
527 6.4000000000e+02 1.2800000000e+00 3.2000000000e+01 - - -
528 6.4000000000e+02 4.4800000000e+00 1.6000000000e+01 - - -
529 5.0004392448e+00 1.2846909291e+00 0.0000000000e+00 22 23 24
530 1.0000878507e+01 1.2893761840e+00 0.0000000000e+00 16 17 18
531 1.5001299212e+01 1.3033691554e+00 0.0000000000e+00 76 77 78
532 2.0001719981e+01 1.3173453239e+00 0.0000000000e+00 70 71 72
533 2.5002108789e+01 1.3403496403e+00 0.0000000000e+00 130 131 132
534 3.0002497731e+01 1.3633272926e+00 0.0000000000e+00 124 125 126
535 3.5002841286e+01 1.3950522567e+00 0.0000000000e+00 184 185 186
536 4.0003185062e+01 1.4267419627e+00 0.0000000000e+00 178 179 180
537 4.5003470009e+01 1.4668968771e+00 0.0000000000e+00 238 239 240
538 5.0003755285e+01 1.5070092071e+00 0.0000000000e+00 232 233 234
539 5.5003968267e+01 1.5553033745e+00 0.0000000000e+00 292 293 294
540 6.0004181705e+01 1.6035488984e+00 0.0000000000e+00 286 287 288
541 6.5004309446e+01 1.6596664908e+00 0.0000000000e+00 346 347 348
542 7.0004437785e+01 1.7157308760e+00 0.0000000000e+00 340 341 342
543 7.5004475129e+01 1.7790916984e+00 0.0000000000e+00 400 401 402
544 8.0004513185e+01 1.8423972610e+00 0.0000000000e+00 394 395 396
545 8.5004464761e+01 1.9122745955e+00 0.0000000000e+00 454 455 456
546 9.0004417117e+01 1.9820966895e+00 0.0000000000e+00 448 449 450
547 9.5004288009e+01 2.0577633325e+00 0.0000000000e+00 508 509 510
548 1.0000415971e+02 2.1333767445e+00 0.0000000000e+00 502 503 504
549 1.0500395500e+02 2.2141054921e+00 0.0000000000e+00 562 563 564
550 1.1000375108e+02 2.2947850086e+00 0.0000000000e+00 556 557 558
551 1.1500347586e+02 2.3798486572e+00 0.0000000000e+00 616 617 618
552 1.2000320136e+02 2.4648690646e+00 0.0000000000e+00 610 611 612
553 1.2500286090e+02 2.5535369914e+00 0.0000000000e+00 670 671 672
554 1.3000252105e+02 2.6421696667e+00 0.0000000000e+00 664 665 666
555 1.3500212938e+02 2.7335616265e+00 0.0000000000e+00 724 725 726
556 1.4000173815e+02 2.8249281474e+00 0.0000000000e+00 718 719 720
557 1.4500131353e+02 2.9181117643e+00 0.0000000000e+00 778 779 780
558 1.5000088918e+02 3.0112801179e+00 0.0000000000e+00 772 773 774
559 1.5500044808e+02 3.1053595633e+00 0.0000000000e+00 832 833 834
560 1.6000000708e+02 3.1994339209e+00 0.0000000000e+00 826 827 828
561 1.6499956598e+02 3.2935133663e+00 0.0000000000e+00 886 887 888
562 1.6999912479e+02 3.3875978995e+00 0.0000000000e+00 880 881 882
563 1.7499870017e+02 3.4807815164e+00 0.0000000000e+00 940 941 942
564 1.7999827527e+02 3.5739803965e+00 0.0000000000e+00 934 935 936
565 1.8499788359e+02 3.6653723563e+00 0.0000000000e+00 994 995 996
566 1.8999749146e+02 3.7567897549e+00 0.0000000000e+00 988 989 990
567 1.9499715099e+02 3.8454576817e+00 0.0000000000e+00 1048 1049 1050
568 1.9999680991e+02 3.9341608600e+00 0.0000000000e+00 1042 1043 1044
569 2.0499653468e+02 4.0192245086e+00 0.0000000000e+00 1102 1103 1104
570 2.0999625873e+02 4.1043313983e+00 0.0000000000e+00 1096 1097 1098
571 2.1499605403e+02 4.1850601459e+00 0.0000000000e+00 1156 1157 1158
572 2.1999584853e+02 4.2658381246e+00 0.0000000000e+00 1150 1151 1152
573 2.2499571942e+02 4.3415047675e+00 0.0000000000e+00 1210 1211 1212
574 2.2999558951e+02 4.4172246412e+00 0.0000000000e+00 1204 1205 1206
575 2.3499554108e+02 4.4871019757e+00 0.0000000000e+00 1264 1265 1266
576 2.3999549188e+02 4.5570345506e+00 0.0000000000e+00 1258 1259 1260
577 2.4499552922e+02 4.6203953730e+00 0.0000000000e+00 1318 1319 1320
578 2.4999556586e+02 4.6838114551e+00 0.0000000000e+00 1312 1313 1314
579 2.5499569360e+02 4.7399290475e+00 0.0000000000e+00 1372 1373 1374
580 2.5999582074e+02 4.7960998471e+00 0.0000000000e+00 1366 1367 1368
581 2.6499603372e+02 4.8443940145e+00 0.0000000000e+00 1426 1427 1428
582 2.6999624625e+02 4.8927368253e+00 0.0000000000e+00 1420 1421 1422
583 2.7499653119e+02 4.9328917398e+00 0.0000000000e+00 1480 1481 1482
584 2.7999681581e+02 4.9730892386e+00 0.0000000000e+00 1474 1475 1476
585 2.8499715937e+02 5.0048142027e+00 0.0000000000e+00 1534 1535 1536
586 2.8999750270e+02 5.0365744248e+00 0.0000000000e+00 1528 1529 1530
587 2.9499789151e+02 5.0595787412e+00 0.0000000000e+00 1588 1589 1590
588 2.9999828018e+02 5.0826097218e+00 0.0000000000e+00 1582 1583 1584
589 3.0499870089e+02 5.0966026933e+00 0.0000000000e+00 1642 1643 1644
590 3.0999912153e+02 5.1106124676e+00 0.0000000000e+00 1636 1637 1638
591 3.1499956077e+02 5.1153033967e+00 0.0000000000e+00 1696 1697 1698
592 1.0000878507e+01 1.2893761840e+00 3.2000000000e+01 31 32 33
593 5.0004392448e+00 1.2846909291e+00 3.2000000000e+01 34 35 36
594 2.0001719981e+01 1.3173453239e+00 3.2000000000e+01 85 86 87
595 1.5001299212e+01 1.3033691554e+00 3.2000000000e+01 88 89 90
596 3.0002497731e+01 1.3633272926e+00 3.2000000000e+01 139 140 141
597 2.5002108789e+01 1.3403496403e+00 3.2000000000e+01 142 143 144
598 4.0003185062e+01 1.4267419627e+00 3.2000000000e+01 193 194 195
599 3.5002841286e+01 1.3950522567e+00 3.2000000000e+01 196 197 198
600 5.0003755285e+01 1.5070092071e+00 3.2000000000e+01 247 248 249
601 4.5003470009e+01 1.4668968771e+00 3.2000000000e+01 250 251 252
602 6.0004181705e+01 1.6035488984e+00 3.2000000000e+01 301 302 303
603 5.5003968267e+01 1.5553033745e+00 3.2000000000e+01 304 305 306
604 7.0004437785e+01 1.7157308760e+00 3.2000000000e+01 355 356 357
605 6.5004309446e+01 1.6596664908e+00 3.2000000000e+01 358 359 360
606 8.0004513185e+01 1.8423972610e+00 3.2000000000e+01 409 410 411
607 7.5004475129e+01 1.7790916984e+00 3.2000000000e+01 412 413 414
608 9.0004417117e+01 1.9820966895e+00 3.2000000000e+01 463 464 465
609 8.5004464761e+01 1.9122745955e+00 3.2000000000e+01 466 467 468
610 1.0000415971e+02 2.1333767445e+00 3.2000000000e+01 517 518 519
611 9.5004288009e+01 2.0577633325e+00 3.2000000000e+01 520 521 522
612 1.1000375108e+02 2.2947850086e+00 3.2000000000e+01 571 572 573
613 1.0500395500e+02 2.2141054921e+00 3.2000000000e+01 574 575 576
614 1.2000320136e+02 2.4648690646e+00 3.2000000000e+01 625 626 627
615 1.1500347586e+02 2.3798486572e+00 3.2000000000e+01 628 629 630
616 1.3000252105e+02 2.6421696667e+00 3.2000000000e+01 679 680 681
617 1.2500286090e+02 2.5535369914e+00 3.2000000000e+01 682 683 684
618 1.4000173815e+02 2.8249281474e+00 3.2000000000e+01 733 734 735
619 1.3500212938e+02 2.7335616265e+00 3.2000000000e+01 736 737 738
620 1.5000088918e+02 3.0112801179e+00 3.2000000000e+01 787 788 789
621 1.4500131353e+02 2.9181117643e+00 3.2000000000e+01 790 791 792
622 1.6000000708e+02 3.1994339209e+00 3.2000000000e+01 841 842 843
623 1.5500044808e+02 3.1053595633e+00 3.2000000000e+01 844 845 846
624 1.6999912479e+02 3.3875978995e+00 3.2000000000e+01 895 896 897
625 1.6499956598e+02 3.2935133663e+00 3.2000000000e+01 898 899 900
626 1.7999827527e+02 3.5739803965e+00 3.2000000000e+01 949 950 951
627 1.7499870017e+02 3.4807815164e+00 3.2000000000e+01 952 953 954
628 1.8999749146e+02 3.7567897549e+00 3.2000000000e+01 1003 1004 1005
629 1.8499788359e+02 3.6653723563e+00 3.2000000000e+01 1006 1007 1008
630 1.9999680991e+02 3.9341608600e+00 3.2000000000e+01 1057 1058 1059
631 1.9499715099e+02 3.8454576817e+00 3.2000000000e+01 1060 1061 1062
632 2.0999625873e+02 4.1043313983e+00 3.2000000000e+01 1111 1112 1113
633 2.0499653468e+02 4.0192245086e+00 3.2000000000e+01 1114 1115 1116
634 2.1999584853e+02 4.2658381246e+00 3.2000000000e+01 1165 1166 1167
635 2.1499605403e+02 4.1850601459e+00 3.2000000000e+01 1168 1169 1170
636 2.2999558951e+02 4.4172246412e+00 3.2000000000e+01 1219 1220 1221
637 2.2499571942e+02 4.3415047675e+00 3.2000000000e+01 1222 1223 1224
638 2.3999549188e+02 4.5570345506e+00 3.2000000000e+01 1273 1274 1275
639 2.3499554108e+02 4.4871019757e+00 3.2000000000e+01 1276 1277 1278
640 2.4999556586e+02 4.6838114551e+00 3.2000000000e+01 1327 1328 1329
641 2.4499552922e+02 4.6203953730e+00 3.2000000000e+01 1330 1331 1332
642 2.5999582074e+02 4.7960998471e+00 3.2000000000e+01 1381 1382 1383
643 2.5499569360e+02 4.7399290475e+00 3.2000000000e+01 1384 1385 1386
644 2.6999624625e+02 4.8927368253e+00 3.2000000000e+01 1435 1436 1437
645 2.6499603372e+02 4.8443940145e+00 3.2000000000e+01 1438 1439 1440
646 2.7999681581e+02 4.9730892386e+00 3.2000000000e+01 1489 1490 1491
647 2.7499653119e+02 4.9328917398e+00 3.2000000000e+01 1492 1493 1494
648 2.8999750270e+02 5.0365744248e+00 3.2000000000e+01 1543 1544 1545
649 2.8499715937e+02 5.0048142027e+00 3.2000000000e+01 1546 1547 1548
650 2.9999828018e+02 5.0826097218e+00 3.2000000000e+01 1597 1598 1599
651 2.9499789151e+02 5.0595787412e+00 3.2000000000e+01 1600 1601 1602
652 3.0999912153e+02 5.1106124676e+00 3.2000000000e+01 1651 1652 1653
653 3.0499870089e+02 5.0966026933e+00 3.2000000000e+01 1654 1655 1656
654 3.1499956077e+02 5.1153033967e+00 3.2000000000e+01 1708 1709 1710
655 3.2500043923e+02 5.1153033967e+00 0.0000000000e+00 1738 1739 1740
656 3.3000087847e+02 5.1106124676e+00 0.0000000000e+00 1762 1763 1764
657 3.3500129911e+02 5.0966026933e+00 0.0000000000e+00 1792 1793 1794
658 3.4000171982e+02 5.0826097218e+00 0.0000000000e+00 1816 1817 1818
659 3.4500210849e+02 5.0595787412e+00 0.0000000000e+00 1846 1847 1848
660 3.5000249730e+02 5.0365744248e+00 0.0000000000e+00 1870 1871 1872
661 3.5500284063e+02 5.0048142027e+00 0.0000000000e+00 1900 1901 1902
662 3.6000318419e+02 4.9730892386e+00 0.0000000000e+00 1924 1925 1926
663 3.6500346881e+02 4.9328917398e+00 0.0000000000e+00 1954 1955 1956
664 3.7000375375e+02 4.8927368253e+00 0.0000000000e+00 1978 1979 1980
665 3.7500396628e+02 4.8443940145e+00 0.0000000000e+00 2008 2009 2010
666 3.8000417926e+02 4.7960998471e+00 0.0000000000e+00 2032 2033 2034
667 3.8500430640e+02 4.7399290475e+00 0.0000000000e+00 2062 2063 2064
668 3.9000443414e+02 4.6838114551e+00 0.0000000000e+00 2086 2087 2088
669 3.9500447078e+02 4.6203953730e+00 0.0000000000e+00 2116 2117 2118
670 4.0000450812e+02 4.5570345506e+00 0.0000000000e+00 2140 2141 2142
671 4.0500445892e+02 4.4871019757e+00 0.0000000000e+00 2170 2171 2172
672 4.1000441049e+02 4.4172246412e+00 0.0000000000e+00 2194 2195 2196
673 4.1500428058e+02 4.3415047675e+00 0.0000000000e+00 2224 2225 2226
674 4.2000415147e+02 4.2658381246e+00 0.0000000000e+00 2248 2249 2250
675 4.2500394597e+02 4.1850601459e+00 0.0000000000e+00 2278 2279 2280
676 4.3000374127e+02 4.1043313983e+00 0.0000000000e+00 2302 2303 2304
677 4.3500346532e+02 4.0192245086e+00 0.0000000000e+00 2332 2333 2334
678 4.4000319009e+02 3.9341608600e+00 0.0000000000e+00 2356 2357 2358
679 4.4500284901e+02 3.8454576817e+00 0.0000000000e+00 2386 2387 2388
680 4.5000250854e+02 3.7567897549e+00 0.0000000000e+00 2410 2411 2412
681 4.5500211641e+02 3.6653723563e+00 0.0000000000e+00 2440 2441 2442
682 4.6000172473e+02 3.5739803965e+00 0.0000000000e+00 2464 2465 2466
683 4.6500129983e+02 3.4807815164e+00 0.0000000000e+00 2494 2495 2496
684 4.7000087521e+02 3.3875978995e+00 0.0000000000e+00 2518 2519 2520
685 4.7500043402e+02 3.2935133663e+00 0.0000000000e+00 2548 2549 2550
686 4.7999999292e+02 3.1994339209e+00 0.0000000000e+00 2572 2573 2574
687 4.8499955192e+02 3.1053595633e+00 0.0000000000e+00 2602 2603 2604
688 4.8999911082e+02 3.0112801179e+00 0.0000000000e+00 2626 2627 2628
689 4.9499868647e+02 2.9181117643e+00 0.0000000000e+00 2656 2657 2658
690 4.9999826185e+02 2.8249281474e+00 0.0000000000e+00 2680 2681 2682
691 5.0499787062e+02 2.7335616265e+00 0.0000000000e+00 2710 2711 2712
692 5.0999747895e+02 2.6421696667e+00 0.0000000000e+00 2734 2735 2736
693 5.1499713910e+02 2.5535369914e+00 0.0000000000e+00 2764 2765 2766
694 5.1999679864e+02 2.4648690646e+00 0.0000000000e+00 2788 2789 2790
695 5.2499652414e+02 2.3798486572e+00 0.0000000000e+00 2818 2819 2820
696 5.2999624892e+02 2.2947850086e+00 0.0000000000e+00 2842 2843 2844
697 5.3499604500e+02 2.2141054921e+00 0.0000000000e+00 2872 2873 2874
698 5.3999584029e+02 2.1333767445e+00 0.0000000000e+00 2896 2897 2898
699 5.4499571199e+02 2.0577633325e+00 0.0000000000e+00 2926 2927 2928
700 5.4999558288e+02 1.9820966895e+00 0.0000000000e+00 2950 2951 2952
701 5.5499553524e+02 1.9122745955e+00 0.0000000000e+00 2980 2981 2982
702 5.5999548682e+02 1.8423972610e+00 0.0000000000e+00 3004 3005 3006
703 5.6499552487e+02 1.7790916984e+00 0.0000000000e+00 3034 3035 3036
704 5.6999556221e+02 1.7157308760e+00 0.0000000000e+00 3058 3059 3060
705 5.7499569055e+02 1.6596664908e+00 0.0000000000e+00 3088 3089 3090
706 5.7999581830e+02 1.6035488984e+00 0.0000000000e+00 3112 3113 3114
707 5.8499603173e+02 1.5553033745e+00 0.0000000000e+00 3142 3143 3144
708 5.8999624472e+02 1.5070092071e+00 0.0000000000e+00 3166 3167 3168
709 5.9499652999e+02 1.4668968771e+00 0.0000000000e+00 3196 3197 3198
710 5.9999681494e+02 1.4267419627e+00 0.0000000000e+00 3220 3221 3222
711 6.0499715871e+02 1.3950522567e+00 0.0000000000e+00 3250 3251 3252
712 6.0999750227e+02 1.3633272926e+00 0.0000000000e+00 3274 3275 3276
713 6.1499789121e+02 1.3403496403e+00 0.0000000000e+00 3304 3305 3306
714 6.1999828002e+02 1.3173453239e+00 0.0000000000e+00 3328 3329 3330
715 6.2499870079e+02 1.3033691554e+00 0.0000000000e+00 3358 3359 3360
716 6.2999912149e+02 1.2893761840e+00 0.0000000000e+00 3382 3383 3384
717 6.3499956076e+02 1.2846909291e+00 0.0000000000e+00 3406 3407 3408
718 3.2500043923e+02 5.1153033967e+00 3.2000000000e+01 1747 1748 1749
719 3.3000087847e+02 5.1106124676e+00 3.2000000000e+01 1771 1772 1773
720 3.3500129911e+02 5.0966026933e+00 3.2000000000e+01 1801 1802 1803
721 3.4000171982e+02 5.0826097218e+00 3.2000000000e+01 1825 1826 1827
722 3.4500210849e+02 5.0595787412e+00 3.2000000000e+01 1855 1856 1857
723 3.5000249730e+02 5.0365744248e+00 3.2000000000e+01 1879 1880 1881
724 3.5500284063e+02 5.0048142027e+00 3.2000000000e+01 1909 1910 1911
725 3.6000318419e+02 4.9730892386e+00 3.2000000000e+01 1933 1934 1935
726 3.6500346881e+02 4.9328917398e+00 3.2000000000e+01 1963 1964 1965
727 3.7000375375e+02 4.8927368253e+00 3.2000000000e+01 1987 1988 1989
728 3.7500396628e+02 4.8443940145e+00 3.2000000000e+01 2017 2018 2019
729 3.8000417926e+02 4.7960998471e+00 3.2000000000e+01 2041 2042 2043
730 3.8500430640e+02 4.7399290475e+00 3.2000000000e+01 2071 2072 2073
731 3.9000443414e+02 4.6838114551e+00 3.2000000000e+01 2095 2096 2097
732 3.9500447078e+02 4.6203953730e+00 3.2000000000e+01 2125 2126 2127
733 4.0000450812e+02 4.5570345506e+00 3.2000000000e+01 2149 2150 2151
734 4.0500445892e+02 4.4871019757e+00 3.2000000000e+01 2179 2180 2181
735 4.1000441049e+02 4.4172246412e+00 3.2000000000e+01 2203 2204 2205
736 4.1500428058e+02 4.3415047675e+00 3.2000000000e+01 2233 2234 2235
737 4.2000415147e+02 4.2658381246e+00 3.2000000000e+01 2257 2258 2259
738 4.2500394597e+02 4.1850601459e+00 3.2000000000e+01 2287 2288 2289
739 4.3000374127e+02 4.1043313983e+00 3.2000000000e+01 2311 2312 2313
740 4.3500346532e+02 4.0192245086e+00 3.2000000000e+01 2341 2342 2343
741 4.4000319009e+02 3.9341608600e+00 3.2000000000e+01 2365 2366 2367
742 4.4500284901e+02 3.8454576817e+00 3.2000000000e+01 2395 2396 2397
743 4.5000250854e+02 3.7567897549e+00 3.2000000000e+01 2419 2420 2421
744 4.5500211641e+02 3.6653723563e+00 3.2000000000e+01 2449 2450 2451
745 4.6000172473e+02 3.5739803965e+00 3.2000000000e+01 2473 2474 2475
746 4.6500129983e+02 3.4807815164e+00 3.2000000000e+01 2503 2504 2505
747 4.7000087521e+02 3.3875978995e+00 3.2000000000e+01 2527 2528 2529
748 4.7500043402e+02 3.2935133663e+00 3.2000000000e+01 2557 2558 2559
749 4.7999999292e+02 3.1994339209e+00 3.2000000000e+01 2581 2582 2583
750 4.8499955192e+02 3.1053595633e+00 3.2000000000e+01 2611 2612 2613
751 4.8999911082e+02 3.0112801179e+00 3.2000000000e+01 2635 2636 2637
752 4.9499868647e+02 2.9181117643e+00 3.2000000000e+01 2665 2666 2667
753 4.9999826185e+02 2.8249281474e+00 3.2000000000e+01 2689 2690 2691
754 5.0499787062e+02 2.7335616265e+00 3.2000000000e+01 2719 2720 2721
755 5.0999747895e+02 2.6421696667e+00 3.2000000000e+01 2743 2744 2745
756 5.1499713910e+02 2.5535369914e+00 3.2000000000e+01 2773 2774 2775
757 5.1999679864e+02 2.4648690646e+00 3.2000000000e+01 2797 2798 2799
758 5.2499652414e+02 2.3798486572e+00 3.2000000000e+01 2827 2828 2829
759 5.2999624892e+02 2.2947850086e+00 3.2000000000e+01 2851 2852 2853
760 5.3499604500e+02 2.2141054921e+00 3.2000000000e+01 2881 2882 2883
761 5.3999584029e+02 2.1333767445e+00 3.2000000000e+01 2905 2906 2907
762 5.4499571199e+02 2.0577633325e+00 3.2000000000e+01 2935 2936 2937
763 5.4999558288e+02 1.9820966895e+00 3.2000000000e+01 2959 2960 2961
764 5.5499553524e+02 1.9122745955e+00 3.2000000000e+01 2989 2990 2991
765 5.5999548682e+02 1.8423972610e+00 3.2000000000e+01 3013 3014 3015
766 5.6499552487e+02 1.7790916984e+00 3.2000000000e+01 3043 3044 3045
767 5.6999556221e+02 1.7157308760e+00 3.2000000000e+01 3067 3068 3069
768 5.7499569055e+02 1.6596664908e+00 3.2000000000e+01 3097 3098 3099
769 5.7999581830e+02 1.6035488984e+00 3.2000000000e+01 3121 3122 3123
770 5.8499603173e+02 1.5553033745e+00 3.2000000000e+01 3151 3152 3153
771 5.8999624472e+02 1.5070092071e+00 3.2000000000e+01 3175 3176 3177
772 5.9499652999e+02 1.4668968771e+00 3.2000000000e+01 3205 3206 3207
773 5.9999681494e+02 1.4267419627e+00 3.2000000000e+01 3229 3230 3231
774 6.0499715871e+02 1.3950522567e+00 3.2000000000e+01 3259 3260 3261
775 6.0999750227e+02 1.3633272926e+00 3.2000000000e+01 3283 3284 3285
776 6.1499789121e+02 1.3403496403e+00 3.2000000000e+01 3313 3314 3315
777 6.1999828002e+02 1.3173453239e+00 3.2000000000e+01 3337 3338 3339
778 6.2499870079e+02 1.3033691554e+00 3.2000000000e+01 3367 3368 3369
779 6.2999912149e+02 1.2893761840e+00 3.2000000000e+01 3391 3392 3393
780 6.3499956076e+02 1.2846909291e+00 3.2000000000e+01 3412 3413 3414
781 5.0004422474e+00 -1.9177109713e+00 1.6000000000e+01 52 53 54
782 1.0000878756e+01 -1.9107617612e+00 1.6000000000e+01 25 26 27
783 1.5001306290e+01 -1.8992001660e+00 1.6000000000e+01 106 107 108
784 2.0001721524e+01 -1.8830739937e+00 1.6000000000e+01 79 80 81
785 2.5002121035e+01 -1.8624310642e+00 1.6000000000e+01 160 161 162
786 3.0002501317e+01 -1.8373192095e+00 1.6000000000e+01 133 134 135
787 3.5002858773e+01 -1.8077862733e+00 1.6000000000e+01 214 215 216
788 4.0003189723e+01 -1.7738801116e+00 1.6000000000e+01 187 188 189
789 4.5003490507e+01 -1.7356616927e+00 1.6000000000e+01 268 269 270
790 5.0003757903e+01 -1.6932442963e+00 1.6000000000e+01 241 242 243
791 5.5003988967e+01 -1.6467542566e+00 1.6000000000e+01 322 323 324
792 6.0004180928e+01 -1.5963179103e+00 1.6000000000e+01 295 296 297
793 6.5004331144e+01 -1.5420615951e+00 1.6000000000e+01 376 377 378
794 7.0004436818e+01 -1.4841116527e+00 1.6000000000e+01 349 350 351
795 7.5004497852e+01 -1.4225943918e+00 1.6000000000e+01 430 431 432
796 8.0004514883e+01 -1.3576361052e+00 1.6000000000e+01 403 404 405
797 8.5004488543e+01 -1.2893737960e+00 1.6000000000e+01 484 485 486
798 9.0004419974e+01 -1.2179872100e+00 1.6000000000e+01 457 458 459
799 9.5004310487e+01 -1.1436667394e+00 1.6000000000e+01 538 539 540
800 1.0000416142e+02 -1.0666027635e+00 1.6000000000e+01 511 512 513
801 1.0500397414e+02 -9.8698564898e-01 1.6000000000e+01 592 593 594
802 1.1000375004e+02 -9.0500575087e-01 1.6000000000e+01 565 566 567
803 1.1500349052e+02 -8.2085341274e-01 1.6000000000e+01 646 647 648
804 1.2000319700e+02 -7.3471896736e-01 1.6000000000e+01 619 620 621
805 1.2500287102e+02 -6.4679836914e-01 1.6000000000e+01 700 701 702
806 1.3000251480e+02 -5.5731004404e-01 1.6000000000e+01 673 674 675
807 1.3500213342e+02 -4.6647795753e-01 1.6000000000e+01 754 755 756
808 1.4000173144e+02 -3.7452612452e-01 1.6000000000e+01 727 728 729
809 1.4500131299e+02 -2.8167839624e-01 1.6000000000e+01 808 809 810
810 1.5000088219e+02 -1.8815889080e-01 1.6000000000e+01 781 782 783
811 1.5500044316e+02 -9.4191399415e-02 1.6000000000e+01 862 863 864
812 1.6000000000e+02 -2.7755575616e-17 1.6000000000e+01 835 836 837
813 1.6499955684e+02 9.4191399415e-02 1.6000000000e+01 916 917 918
814 1.6999911781e+02 1.8815889080e-01 1.6000000000e+01 889 890 891
815 1.7499868701e+02 2.8167839624e-01 1.6000000000e+01 970 971 972
816 1.7999826856e+02 3.7452612452e-01 1.6000000000e+01 943 944 945
817 1.8499786658e+02 4.6647795753e-01 1.6000000000e+01 1024 1025 1026
818 1.8999748520e+02 5.5731004404e-01 1.6000000000e+01 997 998 999
819 1.9499712898e+02 6.4679836914e-01 1.6000000000e+01 1078 1079 1080
820 1.9999680300e+02 7.3471896736e-01 1.6000000000e+01 1051 1052 1053
821 2.0499650948e+02 8.2085341274e-01 1.6000000000e+01 1132 1133 1134
822 2.0999624996e+02 9.0500575087e-01 1.6000000000e+01 1105 1106 1107
823 2.1499602586e+02 9.8698564898e-01 1.6000000000e+01 1186 1187 1188
824 2.1999583858e+02 1.0666027635e+00 1.6000000000e+01 1159 1160 1161
825 2.2499568951e+02 1.1436667394e+00 1.6000000000e+01 1240 1241 1242
826 2.2999558003e+02 1.2179872100e+00 1.6000000000e+01 1213 1214 1215
827 2.3499551146e+02 1.2893737960e+00 1.6000000000e+01 1294 1295 1296
828 2.3999548512e+02 1.3576361052e+00 1.6000000000e+01 1267 1268 1269
829 2.4499550215e+02 1.4225943918e+00 1.6000000000e+01 1348 1349 1350
830 2.4999556318e+02 1.4841116527e+00 1.6000000000e+01 1321 1322 1323
831 2.5499566886e+02 1.5420615951e+00 1.6000000000e+01 1402 1403 1404
832 2.5999581907e+02 1.5963179103e+00 1.6000000000e+01 1375 1376 1377
833 2.6499601103e+02 1.6467542566e+00 1.6000000000e+01 1456 1457 1458
834 2.6999624210e+02 1.6932442963e+00 1.6000000000e+01 1429 1430 1431
835 2.7499650949e+02 1.7356616927e+00 1.6000000000e+01 1510 1511 1512
836 2.7999681028e+02 1.7738801116e+00 1.6000000000e+01 1483 1484 1485
837 2.8499714123e+02 1.8077862733e+00 1.6000000000e+01 1564 1565 1566
838 2.8999749868e+02 1.8373192095e+00 1.6000000000e+01 1537 1538 1539
839 2.9499787896e+02 1.8624310642e+00 1.6000000000e+01 1618 1619 1620
840 2.9999827848e+02 1.8830739937e+00 1.6000000000e+01 1591 1592 1593
841 3.0499869371e+02 1.8992001660e+00 1.6000000000e+01 1672 1673 1674
842 3.0999912124e+02 1.9107617612e+00 1.6000000000e+01 1645 1646 1647
843 3.1499955775e+02 1.9177109713e+00 1.6000000000e+01 1726 1727 1728
844 5.0004422552e+00 4.4822864360e+00 1.6000000000e+01 37 38 39
845 1.0000878789e+01 4.4892273956e+00 1.6000000000e+01 19 20 21
846 1.5001306372e+01 4.5007753120e+00 1.6000000000e+01 91 92 93
847 2.0001721681e+01 4.5168826064e+00 1.6000000000e+01 73 74 75
848 2.5002121302e+01 4.5375016883e+00 1.6000000000e+01 145 146 147
849 3.0002501731e+01 4.5625849554e+00 1.6000000000e+01 127 128 129
850 3.5002859379e+01 4.5920847932e+00 1.6000000000e+01 199 200 201
851 4.0003190573e+01 4.6259535755e+00 1.6000000000e+01 181 182 183
852 4.5003491659e+01 4.6641306093e+00 1.6000000000e+01 253 254 255
853 5.0003759419e+01 4.7065030749e+00 1.6000000000e+01 235 236 237
854 5.5003990911e+01 4.7529451436e+00 1.6000000000e+01 307 308 309
855 6.0004183369e+01 4.8033309846e+00 1.6000000000e+01 289 290 291
856 6.5004334152e+01 4.8575347655e+00 1.6000000000e+01 361 362 363
857 7.0004440458e+01 4.9154306504e+00 1.6000000000e+01 343 344 345
858 7.5004502181e+01 4.9768928358e+00 1.6000000000e+01 415 416 417
859 8.0004519947e+01 5.0417955344e+00 1.6000000000e+01 397 398 399
860 8.5004494376e+01 5.1100022492e+00 1.6000000000e+01 469 470 471
861 9.0004426601e+01 5.1813337451e+00 1.6000000000e+01 451 452 453
862 9.5004317920e+01 5.2556001415e+00 1.6000000000e+01 523 524 525
863 1.0000416966e+02 5.3326115707e+00 1.6000000000e+01 505 506 507
864 1.0500398318e+02 5.4121781775e+00 1.6000000000e+01 577 578 579
865 1.1000375986e+02 5.4941101184e+00 1.6000000000e+01 559 560 561
866 1.1500350109e+02 5.5782175612e+00 1.6000000000e+01 631 632 633
867 1.2000320827e+02 5.6643106847e+00 1.6000000000e+01 613 614 615
868 1.2500288295e+02 5.7521939952e+00 1.6000000000e+01 685 686 687
869 1.3000252731e+02 5.8416493775e+00 1.6000000000e+01 667 668 669
870 1.3500214644e+02 5.9324529207e+00 1.6000000000e+01 739 740 741
871 1.4000174489e+02 6.0243810115e+00 1.6000000000e+01 721 722 723
872 1.4500132678e+02 6.1172098413e+00 1.6000000000e+01 793 794 795
873 1.5000089623e+02 6.2107156583e+00 1.6000000000e+01 775 776 777
874 1.5500045734e+02 6.3046747160e+00 1.6000000000e+01 847 848 849
875 1.6000001424e+02 6.3988632717e+00 1.6000000000e+01 829 830 831
876 1.6499957103e+02 6.4930575148e+00 1.6000000000e+01 901 902 903
877 1.6999913184e+02 6.5870333560e+00 1.6000000000e+01 883 884 885
878 1.7499870079e+02 6.6805666339e+00 1.6000000000e+01 955 956 957
879 1.7999828201e+02 6.7734331840e+00 1.6000000000e+01 937 938 939
880 1.8499787961e+02 6.8654088359e+00 1.6000000000e+01 1009 1010 1011
881 1.8999749771e+02 6.9562694658e+00 1.6000000000e+01 991 992 993
882 1.9499714090e+02 7.0457907337e+00 1.6000000000e+01 1063 1064 1065
883 1.9999681427e+02 7.1337486196e+00 1.6000000000e+01 1045 1046 1047
884 2.0499652005e+02 7.2199243869e+00 1.6000000000e+01 1117 1118 1119
885 2.0999625978e+02 7.3041216204e+00 1.6000000000e+01 1099 1100 1101
886 2.1499603490e+02 7.3861494757e+00 1.6000000000e+01 1171 1172 1173
887 2.1999584682e+02 7.4658170979e+00 1.6000000000e+01 1153 1154 1155
888 2.2499569695e+02 7.5429336205e+00 1.6000000000e+01 1225 1226 1227
889 2.2999558665e+02 7.6173081653e+00 1.6000000000e+01 1207 1208 1209
890 2.3499551729e+02 7.6887498413e+00 1.6000000000e+01 1279 1280 1281
891 2.3999549018e+02 7.7570677449e+00 1.6000000000e+01 1261 1262 1263
892 2.4499550648e+02 7.8220816196e+00 1.6000000000e+01 1333 1334 1335
893 2.4999556682e+02 7.8836539558e+00 1.6000000000e+01 1315 1316 1317
894 2.5499567186e+02 7.9416579558e+00 1.6000000000e+01 1387 1388 1389
895 2.5999582151e+02 7.9959668052e+00 1.6000000000e+01 1369 1370 1371
896 2.6499601298e+02 8.0464536569e+00 1.6000000000e+01 1441 1442 1443
897 2.6999624361e+02 8.0929916675e+00 1.6000000000e+01 1423 1424 1425
898 2.7499651064e+02 8.1354539947e+00 1.6000000000e+01 1495 1496 1497
899 2.7999681113e+02 8.1737137987e+00 1.6000000000e+01 1477 1478 1479
900 2.8499714183e+02 8.2076573399e+00 1.6000000000e+01 1549 1550 1551
901 2.8999749910e+02 8.2372233744e+00 1.6000000000e+01 1531 1532 1533
902 2.9499787923e+02 8.2623638168e+00 1.6000000000e+01 1603 1604 1605
903 2.9999827863e+02 8.2830305937e+00 1.6000000000e+01 1585 1586 1587
904 3.0499869379e+02 8.2991756439e+00 1.6000000000e+01 1657 1658 1659
905 3.0999912128e+02 8.3107509180e+00 1.6000000000e+01 1639 1640 1641
906 3.1499955776e+02 8.3177083786e+00 1.6000000000e+01 1711 1712 1713
907 3.3000087876e+02 1.9107617612e+00 1.6000000000e+01 1768 1769 1770
908 3.2500044225e+02 1.9177109713e+00 1.6000000000e+01 1780 1781 1782
909 3.4000172152e+02 1.8830739937e+00 1.6000000000e+01 1822 1823 1824
910 3.3500130629e+02 1.8992001660e+00 1.6000000000e+01 1834 1835 1836
911 3.5000250132e+02 1.8373192095e+00 1.6000000000e+01 1876 1877 1878
912 3.4500212104e+02 1.8624310642e+00 1.6000000000e+01 1888 1889 1890
913 3.6000318972e+02 1.7738801116e+00 1.6000000000e+01 1930 1931 1932
914 3.5500285877e+02 1.8077862733e+00 1.6000000000e+01 1942 1943 1944
915 3.7000375790e+02 1.6932442963e+00 1.6000000000e+01 1984 1985 1986
916 3.6500349051e+02 1.7356616927e+00 1.6000000000e+01 1996 1997 1998
917 3.8000418093e+02 1.5963179103e+00 1.6000000000e+01 2038 2039 2040
918 3.7500398897e+02 1.6467542566e+00 1.6000000000e+01 2050 2051 2052
919 3.9000443682e+02 1.4841116527e+00 1.6000000000e+01 2092 2093 2094
920 3.8500433114e+02 1.5420615951e+00 1.6000000000e+01 2104 2105 2106
921 4.0000451488e+02 1.3576361052e+00 1.6000000000e+01 2146 2147 2148
922 3.9500449785e+02 1.4225943918e+00 1.6000000000e+01 2158 2159 2160
923 4.1000441997e+02 1.2179872100e+00 1.6000000000e+01 2200 2201 2202
924 4.0500448854e+02 1.2893737960e+00 1.6000000000e+01 2212 2213 2214
925 4.2000416142e+02 1.0666027635e+00 1.6000000000e+01 2254 2255 2256
926 4.1500431049e+02 1.1436667394e+00 1.6000000000e+01 2266 2267 2268
927 4.3000375004e+02 9.0500575087e-01 1.6000000000e+01 2308 2309 2310
928 4.2500397414e+02 9.8698564898e-01 1.6000000000e+01 2320 2321 2322
929 4.4000319700e+02 7.3471896736e-01 1.6000000000e+01 2362 2363 2364
930 4.3500349052e+02 8.2085341274e-01 1.6000000000e+01 2374 2375 2376
931 4.5000251480e+02 5.5731004404e-01 1.6000000000e+01 2416 2417 2418
932 4.4500287102e+02 6.4679836914e-01 1.6000000000e+01 2428 2429 2430
933 4.6000173144e+02 3.7452612452e-01 1.6000000000e+01 2470 2471 2472
934 4.5500213342e+02 4.6647795753e-01 1.6000000000e+01 2482 2483 2484
935 4.7000088219e+02 1.8815889080e-01 1.6000000000e+01 2524 2525 2526
936 4.6500131299e+02 2.8167839624e-01 1.6000000000e+01 2536 2537 2538
937 4.8000000000e+02 -7.9797279895e-16 1.6000000000e+01 2578 2579 2580
938 4.7500044316e+02 9.4191399415e-02 1.6000000000e+01 2590 2591 2592
939 4.8999911781e+02 -1.8815889080e-01 1.6000000000e+01 2632 2633 2634
940 4.8499955684e+02 -9.4191399415e-02 1.6000000000e+01 2644 2645 2646
941 4.9999826856e+02 -3.7452612452e-01 1.6000000000e+01 2686 2687 2688
942 4.9499868701e+02 -2.8167839624e-01 1.6000000000e+01 2698 2699 2700
943 5.0999748520e+02 -5.5731004404e-01 1.6000000000e+01 2740 2741 2742
944 5.0499786658e+02 -4.6647795753e-01 1.6000000000e+01 2752 2753 2754
945 5.1999680300e+02 -7.3471896736e-01 1.6000000000e+01 2794 2795 2796
946 5.1499712898e+02 -6.4679836914e-01 1.6000000000e+01 2806 2807 2808
947 5.2999624996e+02 -9.0500575087e-01 1.6000000000e+01 2848 2849 2850
948 5.2499650948e+02 -8.2085341274e-01 1.6000000000e+01 2860 2861 2862
949 5.3999583858e+02 -1.0666027635e+00 1.6000000000e+01 2902 2903 2904
950 5.3499602586e+02 -9.8698564898e-01 1.6000000000e+01 2914 2915 2916
951 5.4999558003e+02 -1.2179872100e+00 1.6000000000e+01 2956 2957 2958
952 5.4499568951e+02 -1.1436667394e+00 1.6000000000e+01 2968 2969 2970
953 5.5999548512e+02 -1.3576361052e+00 1.6000000000e+01 3010 3011 3012
954 5.5499551146e+02 -1.2893737960e+00 1.6000000000e+01 3022 3023 3024
955 5.6999556318e+02 -1.4841116527e+00 1.6000000000e+01 3064 3065 3066
956 5.6499550215e+02 -1.4225943918e+00 1.6000000000e+01 3076 3077 3078
957 5.7999581907e+02 -1.5963179103e+00 1.6000000000e+01 3118 3119 3120
958 5.7499566886e+02 -1.5420615951e+00 1.6000000000e+01 3130 3131 3132
959 5.8999624210e+02 -1.6932442963e+00 1.6000000000e+01 3172 3173 3174
960 5.8499601103e+02 -1.6467542566e+00 1.6000000000e+01 3184 3185 3186
961 5.9999681028e+02 -1.7738801116e+00 1.6000000000e+01 3226 3227 3228
962 5.9499650949e+02 -1.7356616927e+00 1.6000000000e+01 3238 3239 3240
963 6.0999749868e+02 -1.8373192095e+00 1.6000000000e+01 3280 3281 3282
964 6.0499714123e+02 -1.8077862733e+00 1.6000000000e+01 3292 3293 3294
965 6.1999827848e+02 -1.8830739937e+00 1.6000000000e+01 3334 3335 3336
966 6.1499787896e+02 -1.8624310642e+00 1.6000000000e+01 3346 3347 3348
967 6.2999912124e+02 -1.9107617612e+00 1.6000000000e+01 3388 3389 3390
968 6.2499869371e+02 -1.8992001660e+00 1.6000000000e+01 3400 3401 3402
969 6.3499955775e+02 -1.9177109713e+00 1.6000000000e+01 3427 3428 3429
970 3.3000087872e+02 8.3107509180e+00 1.6000000000e+01 1741 1742 1743
971 3.2500044224e+02 8.3177083786e+00 1.6000000000e+01 1750 1751 1752
972 3.4000172137e+02 8.2830305937e+00 1.6000000000e+01 1795 1796 1797
973 3.3500130621e+02 8.2991756439e+00 1.6000000000e+01 1804 1805 1806
974 3.5000250090e+02 8.2372233744e+00 1.6000000000e+01 1849 1850 1851
975 3.4500212077e+02 8.2623638168e+00 1.6000000000e+01 1858 1859 1860
976 3.6000318887e+02 8.1737137987e+00 1.6000000000e+01 1903 1904 1905
977 3.5500285817e+02 8.2076573399e+00 1.6000000000e+01 1912 1913 1914
978 3.7000375639e+02 8.0929916675e+00 1.6000000000e+01 1957 1958 1959
979 3.6500348936e+02 8.1354539947e+00 1.6000000000e+01 1966 1967 1968
980 3.8000417849e+02 7.9959668052e+00 1.6000000000e+01 2011 2012 2013
981 3.7500398702e+02 8.0464536569e+00 1.6000000000e+01 2020 2021 2022
982 3.9000443318e+02 7.8836539558e+00 1.6000000000e+01 2065 2066 2067
983 3.8500432814e+02 7.9416579558e+00 1.6000000000e+01 2074 2075 2076
984 4.0000450982e+02 7.7570677449e+00 1.6000000000e+01 2119 2120 2121
985 3.9500449352e+02 7.8220816196e+00 1.6000000000e+01 2128 2129 2130
986 4.1000441335e+02 7.6173081653e+00 1.6000000000e+01 2173 2174 2175
987 4.0500448271e+02 7.6887498413e+00 1.6000000000e+01 2182 2183 2184
988 4.2000415318e+02 7.4658170979e+00 1.6000000000e+01 2227 2228 2229
989 4.1500430305e+02 7.5429336205e+00 1.6000000000e+01 2236 2237 2238
990 4.3000374022e+02 7.3041216204e+00 1.6000000000e+01 2281 2282 2283
991 4.2500396510e+02 7.3861494757e+00 1.6000000000e+01 2290 2291 2292
992 4.4000318573e+02 7.1337486196e+00 1.6000000000e+01 2335 2336 2337
993 4.3500347995e+02 7.2199243869e+00 1.6000000000e+01 2344 2345 2346
994 4.5000250229e+02 6.9562694658e+00 1.6000000000e+01 2389 2390 2391
995 4.4500285910e+02 7.0457907337e+00 1.6000000000e+01 2398 2399 2400
996 4.6000171799e+02 6.7734331840e+00 1.6000000000e+01 2443 2444 2445
997 4.5500212039e+02 6.8654088359e+00 1.6000000000e+01 2452 2453 2454
998 4.7000086816e+02 6.5870333560e+00 1.6000000000e+01 2497 2498 2499
999 4.6500129921e+02 6.6805666339e+00 1.6000000000e+01 2506 2507 2508
1000 4.7999998576e+02 6.3988632717e+00 1.6000000000e+01 2551 2552 2553
1001 4.7500042897e+02 6.4930575148e+00 1.6000000000e+01 2560 2561 2562
1002 4.8999910377e+02 6.2107156583e+00 1.6000000000e+01 2605 2606 2607
1003 4.8499954266e+02 6.3046747160e+00 1.6000000000e+01 2614 2615 2616
1004 4.9999825511e+02 6.0243810115e+00 1.6000000000e+01 2659 2660 2661
1005 4.9499867322e+02 6.1172098413e+00 1.6000000000e+01 2668 2669 2670
1006 5.0999747269e+02 5.8416493775e+00 1.6000000000e+01 2713 2714 2715
1007 5.0499785356e+02 5.9324529207e+00 1.6000000000e+01 2722 2723 2724
1008 5.1999679173e+02 5.6643106847e+00 1.6000000000e+01 2767 2768 2769
1009 5.1499711705e+02 5.7521939952e+00 1.6000000000e+01 2776 2777 2778
1010 5.2999624014e+02 5.4941101184e+00 1.6000000000e+01 2821 2822 2823
1011 5.2499649891e+02 5.5782175612e+00 1.6000000000e+01 2830 2831 2832
1012 5.3999583034e+02 5.3326115707e+00 1.6000000000e+01 2875 2876 2877
1013 5.3499601682e+02 5.4121781775e+00 1.6000000000e+01 2884 2885 2886
1014 5.4999557340e+02 5.1813337451e+00 1.6000000000e+01 2929 2930 2931
1015 5.4499568208e+02 5.2556001415e+00 1.6000000000e+01 2938 2939 2940
1016 5.5999548005e+02 5.0417955344e+00 1.6000000000e+01 2983 2984 2985
1017 5.5499550562e+02 5.1100022492e+00 1.6000000000e+01 2992 2993 2994
1018 5.6999555954e+02 4.9154306504e+00 1.6000000000e+01 3037 3038 3039
1019 5.6499549782e+02 4.9768928358e+00 1.6000000000e+01 3046 3047 3048
1020 5.7999581663e+02 4.8033309846e+00 1.6000000000e+01 3091 3092 3093
1021 5.7499566585e+02 4.8575347655e+00 1.6000000000e+01 3100 3101 3102
1022 5.8999624058e+02 4.7065030749e+00 1.6000000000e+01 3145 3146 3147
1023 5.8499600909e+02 4.7529451436e+00 1.6000000000e+01 3154 3155 3156
1024 5.9999680943e+02 4.6259535755e+00 1.6000000000e+01 3199 3200 3201
1025 5.9499650834e+02 4.6641306093e+00 1.6000000000e+01 3208 3209 3210
1026 6.0999749827e+02 4.5625849554e+00 1.6000000000e+01 3253 3254 3255
1027 6.0499714062e+02 4.5920847932e+00 1.6000000000e+01 3262 3263 3264
1028 6.1999827832e+02 4.5168826064e+00 1.6000000000e+01 3307 3308 3309
1029 6.1499787870e+02 4.5375016883e+00 1.6000000000e+01 3316 3317 3318
1030 6.2999912121e+02 4.4892273956e+00 1.6000000000e+01 3361 3362 3363
1031 6.2499869363e+02 4.5007753120e+00 1.6000000000e+01 3370 3371 3372
1032 6.3499955774e+02 4.4822864360e+00 1.6000000000e+01 3415 3416 3417
1033 0.0000000000e+00 1.2800000000e+00 1.6000000000e+01 - - -
1034 3.2000000000e+02 5.1200000000e+00 1.6000000000e+01 1714 1715 1716
1035 6.4000000000e+02 1.2800000000e+00 1.6000000000e+01 - - -
1036 1.0000878706e+01 1.2892685957e+00 1.6000000000e+01 40 41 42
1037 5.0004393778e+00 1.2846191194e+00 1.6000000000e+01 43 44 45
1038 2.0001721198e+01 1.3170143664e+00 1.6000000000e+01 94 95 96
1039 1.5001300090e+01 1.3031124795e+00 1.6000000000e+01 97 98 99
1040 3.0002500573e+01 1.3628067838e+00 1.6000000000e+01 148 149 150
1041 2.5002111095e+01 1.3398917585e+00 1.6000000000e+01 151 152 153
1042 4.0003188879e+01 1.4262127289e+00 1.6000000000e+01 202 203 204
1043 3.5002844781e+01 1.3945257209e+00 1.6000000000e+01 205 206 207
1044 5.0003757819e+01 1.5067241764e+00 1.6000000000e+01 256 257 258
1045 4.5003472970e+01 1.4665306366e+00 1.6000000000e+01 259 260 261
1046 6.0004182038e+01 1.6035171088e+00 1.6000000000e+01 310 311 312
1047 5.5003969331e+01 1.5551873694e+00 1.6000000000e+01 313 314 315
1048 7.0004438425e+01 1.7156773397e+00 1.6000000000e+01 364 365 366
1049 6.5004309983e+01 1.6596202376e+00 1.6000000000e+01 367 368 369
1050 8.0004516358e+01 1.8421591227e+00 1.6000000000e+01 418 419 420
1051 7.5004477458e+01 1.7789151204e+00 1.6000000000e+01 421 422 423
1052 9.0004421745e+01 1.9817791700e+00 1.6000000000e+01 472 473 474
1053 8.5004468903e+01 1.9119835703e+00 1.6000000000e+01 475 476 477
1054 1.0000416408e+02 2.1330975557e+00 1.6000000000e+01 526 527 528
1055 9.5004292468e+01 2.0574713933e+00 1.6000000000e+01 529 530 531
1056 1.1000375398e+02 2.2946103228e+00 1.6000000000e+01 580 581 582
1057 1.0500395839e+02 2.2138960620e+00 1.6000000000e+01 583 584 585
1058 1.2000320232e+02 2.4648141942e+00 1.6000000000e+01 634 635 636
1059 1.1500347746e+02 2.3797538489e+00 1.6000000000e+01 637 638 639
1060 1.3000252105e+02 2.6421696667e+00 1.6000000000e+01 688 689 690
1061 1.2500286122e+02 2.5535186570e+00 1.6000000000e+01 691 692 693
1062 1.4000173816e+02 2.8249278146e+00 1.6000000000e+01 742 743 744
1063 1.3500212938e+02 2.7335616265e+00 1.6000000000e+01 745 746 747
1064 1.5000088921e+02 3.0112783943e+00 1.6000000000e+01 796 797 798
1065 1.4500131354e+02 2.9181114333e+00 1.6000000000e+01 799 800 801
1066 1.6000000710e+02 3.1994327784e+00 1.6000000000e+01 850 851 852
1067 1.5500044810e+02 3.1053586962e+00 1.6000000000e+01 853 854 855
1068 1.6999912481e+02 3.3875969904e+00 1.6000000000e+01 904 905 906
1069 1.6499956600e+02 3.2935122028e+00 1.6000000000e+01 907 908 909
1070 1.7999827528e+02 3.5739800062e+00 1.6000000000e+01 958 959 960
1071 1.7499870018e+02 3.4807806091e+00 1.6000000000e+01 961 962 963
1072 1.8999749146e+02 3.7567897549e+00 1.6000000000e+01 1012 1013 1014
1073 1.8499788360e+02 3.6653719840e+00 1.6000000000e+01 1015 1016 1017
1074 1.9999680895e+02 3.9342155261e+00 1.6000000000e+01 1066 1067 1068
1075 1.9499715036e+02 3.8454942031e+00 1.6000000000e+01 1069 1070 1071
1076 2.0999625584e+02 4.1045056810e+00 1.6000000000e+01 1120 1121 1122
1077 2.0499653243e+02 4.0193589859e+00 1.6000000000e+01 1123 1124 1125
1078 2.1999584416e+02 4.2661170460e+00 1.6000000000e+01 1174 1175 1176
1079 2.1499605015e+02 4.1853041873e+00 1.6000000000e+01 1177 1178 1179
1080 2.2999558488e+02 4.4175419730e+00 1.6000000000e+01 1228 1229 1230
1081 2.2499571488e+02 4.3418092693e+00 1.6000000000e+01 1231 1232 1233
1082 2.3999548871e+02 4.5572725600e+00 1.6000000000e+01 1282 1283 1284
1083 2.3499553743e+02 4.4873664206e+00 1.6000000000e+01 1285 1286 1287
1084 2.4999556522e+02 4.6838649705e+00 1.6000000000e+01 1336 1337 1338
1085 2.4499552774e+02 4.6205103767e+00 1.6000000000e+01 1339 1340 1341
1086 2.5999582040e+02 4.7961317114e+00 1.6000000000e+01 1390 1391 1392
1087 2.5499569316e+02 4.7399680993e+00 1.6000000000e+01 1393 1394 1395
1088 2.6999624370e+02 4.8930225254e+00 1.6000000000e+01 1444 1445 1446
1089 2.6499603192e+02 4.8445949044e+00 1.6000000000e+01 1447 1448 1449
1090 2.7999681198e+02 4.9736203367e+00 1.6000000000e+01 1498 1499 1500
1091 2.7499652779e+02 4.9333404331e+00 1.6000000000e+01 1501 1502 1503
1092 2.8999749984e+02 5.0370967692e+00 1.6000000000e+01 1552 1553 1554
1093 2.8499715618e+02 5.0053392642e+00 1.6000000000e+01 1555 1556 1557
1094 2.9999827896e+02 5.0829414565e+00 1.6000000000e+01 1606 1607 1608
1095 2.9499788974e+02 5.0599741613e+00 1.6000000000e+01 1609 1610 1611
1096 3.0999912133e+02 5.1107204348e+00 1.6000000000e+01 1660 1661 1662
1097 3.0499870035e+02 5.0967853402e+00 1.6000000000e+01 1663 1664 1665
1098 3.1499956071e+02 5.1153394279e+00 1.6000000000e+01 1717 1718 1719
1099 3.2500043929e+02 5.1153394279e+00 1.6000000000e+01 1753 1754 1755
1100 3.3000087867e+02 5.1107204348e+00 1.6000000000e+01 1777 1778 1779
1101 3.3500129965e+02 5.0967853402e+00 1.6000000000e+01 1807 1808 1809
1102 3.4000172104e+02 5.0829418450e+00 1.6000000000e+01 1831 1832 1833
1103 3.4500211026e+02 5.0599741613e+00 1.6000000000e+01 1861 1862 1863
1104 3.5000250016e+02 5.0370967692e+00 1.6000000000e+01 1885 1886 1887
1105 3.5500284382e+02 5.0053392642e+00 1.6000000000e+01 1915 1916 1917
1106 3.6000318802e+02 4.9736203367e+00 1.6000000000e+01 1939 1940 1941
1107 3.6500347221e+02 4.9333404331e+00 1.6000000000e+01 1969 1970 1971
1108 3.7000375630e+02 4.8930228601e+00 1.6000000000e+01 1993 1994 1995
1109 3.7500396808e+02 4.8445949044e+00 1.6000000000e+01 2023 2024 2025
1110 3.8000417960e+02 4.7961317487e+00 1.6000000000e+01 2047 2048 2049
1111 3.8500430684e+02 4.7399680993e+00 1.6000000000e+01 2077 2078 2079
1112 3.9000443478e+02 4.6838649705e+00 1.6000000000e+01 2101 2102 2103
1113 3.9500447226e+02 4.6205103767e+00 1.6000000000e+01 2131 2132 2133
1114 4.0000451129e+02 4.5572725600e+00 1.6000000000e+01 2155 2156 2157
1115 4.0500446257e+02 4.4873664206e+00 1.6000000000e+01 2185 2186 2187
1116 4.1000441512e+02 4.4175418791e+00 1.6000000000e+01 2209 2210 2211
1117 4.1500428512e+02 4.3418092693e+00 1.6000000000e+01 2239 2240 2241
1118 4.2000415584e+02 4.2661169123e+00 1.6000000000e+01 2263 2264 2265
1119 4.2500394985e+02 4.1853041873e+00 1.6000000000e+01 2293 2294 2295
1120 4.3000374416e+02 4.1045056810e+00 1.6000000000e+01 2317 2318 2319
1121 4.3500346757e+02 4.0193589859e+00 1.6000000000e+01 2347 2348 2349
1122 4.4000319105e+02 3.9342155261e+00 1.6000000000e+01 2371 2372 2373
1123 4.4500284964e+02 3.8454942031e+00 1.6000000000e+01 2401 2402 2403
1124 4.5000250854e+02 3.7567897549e+00 1.6000000000e+01 2425 2426 2427
1125 4.5500211640e+02 3.6653719840e+00 1.6000000000e+01 2455 2456 2457
1126 4.6000172472e+02 3.5739796447e+00 1.6000000000e+01 2479 2480 2481
1127 4.6500129982e+02 3.4807806091e+00 1.6000000000e+01 2509 2510 2511
1128 4.7000087519e+02 3.3875969904e+00 1.6000000000e+01 2533 2534 2535
1129 4.7500043400e+02 3.2935122028e+00 1.6000000000e+01 2563 2564 2565
1130 4.7999999288e+02 3.1994316358e+00 1.6000000000e+01 2587 2588 2589
1131 4.8499955190e+02 3.1053586962e+00 1.6000000000e+01 2617 2618 2619
1132 4.8999911079e+02 3.0112783943e+00 1.6000000000e+01 2641 2642 2643
1133 4.9499868646e+02 2.9181114333e+00 1.6000000000e+01 2671 2672 2673
1134 4.9999826183e+02 2.8249274531e+00 1.6000000000e+01 2695 2696 2697
1135 5.0499787062e+02 2.7335616265e+00 1.6000000000e+01 2725 2726 2727
1136 5.0999747895e+02 2.6421696667e+00 1.6000000000e+01 2749 2750 2751
1137 5.1499713878e+02 2.5535186570e+00 1.6000000000e+01 2779 2780 2781
1138 5.1999679768e+02 2.4648141942e+00 1.6000000000e+01 2803 2804 2805
1139 5.2499652254e+02 2.3797538489e+00 1.6000000000e+01 2833 2834 2835
1140 5.2999624602e+02 2.2946103228e+00 1.6000000000e+01 2857 2858 2859
1141 5.3499604161e+02 2.2138960620e+00 1.6000000000e+01 2887 2888 2889
1142 5.3999583592e+02 2.1330974220e+00 1.6000000000e+01 2911 2912 2913
1143 5.4499570753e+02 2.0574713933e+00 1.6000000000e+01 2941 2942 2943
1144 5.4999557826e+02 1.9817790761e+00 1.6000000000e+01 2965 2966 2967
1145 5.5499553110e+02 1.9119835703e+00 1.6000000000e+01 2995 2996 2997
1146 5.5999548364e+02 1.8421591227e+00 1.6000000000e+01 3019 3020 3021
1147 5.6499552254e+02 1.7789151204e+00 1.6000000000e+01 3049 3050 3051
1148 5.6999556158e+02 1.7156773397e+00 1.6000000000e+01 3073 3074 3075
1149 5.7499569002e+02 1.6596202376e+00 1.6000000000e+01 3103 3104 3105
1150 5.7999581796e+02 1.6035171461e+00 1.6000000000e+01 3127 3128 3129
1151 5.8499603067e+02 1.5551873694e+00 1.6000000000e+01 3157 3158 3159
1152 5.8999624218e+02 1.5067245111e+00 1.6000000000e+01 3181 3182 3183
1153 5.9499652703e+02 1.4665306366e+00 1.6000000000e+01 3211 3212 3213
1154 5.9999681112e+02 1.4262127289e+00 1.6000000000e+01 3235 3236 3237
1155 6.0499715522e+02 1.3945257209e+00 1.6000000000e+01 3265 3266 3267
1156 6.0999749943e+02 1.3628067838e+00 1.6000000000e+01 3289 3290 3291
1157 6.1499788891e+02 1.3398917585e+00 1.6000000000e+01 3319 3320 3321
1158 6.1999827880e+02 1.3170147550e+00 1.6000000000e+01 3343 3344 3345
1159 6.2499869991e+02 1.3031124795e+00 1.6000000000e+01 3373 3374 3375
1160 6.2999912129e+02 1.2892687221e+00 1.6000000000e+01 3397 3398 3399
1161 6.3499956062e+02 1.2846191194e+00 1.6000000000e+01 3418 3419 3420
